0.519499 -0.005037006 -0.000540874 0.041345805 0.001669431 -0.020776918 -0.001032147 0.999782205
0.623377 -0.005728247 -0.000158013 0.051765706 0.002423993 -0.027778888 -0.000918698 0.999610722
0.727122 -0.008901744 -0.000401186 0.063436009 0.002251313 -0.035727259 -0.000927520 0.999358594
0.830874 -0.010736055 -0.000381773 0.075456657 0.002290626 -0.044959433 -0.000285187 0.998986125
0.934622 -0.013360542 -0.000715914 0.088371933 0.002298193 -0.055229496 0.000337997 0.998470962
1.038404 -0.016963717 -0.001068999 0.099867374 0.002374251 -0.065982588 0.000540418 0.997817814
1.142127 -0.021158006 -0.001451676 0.114467874 0.003248375 -0.078294575 -0.001327276 0.996924102
1.245873 -0.026371783 -0.002583919 0.129637837 0.003925670 -0.091424815 -0.003604870 0.995797694
1.349627 -0.033576019 -0.002510961 0.145463303 0.004913158 -0.104879238 -0.005155430 0.994459450
1.453253 -0.039771665 -0.002879469 0.160528645 0.005058642 -0.119815968 -0.005610158 0.992767394
1.556997 -0.046113655 -0.002502745 0.176615104 0.005465447 -0.135862112 -0.006581234 0.990690827
1.660772 -0.054270566 -0.003665204 0.191914052 0.004750070 -0.151970506 -0.007697655 0.988343656
1.764374 -0.062164016 -0.003667364 0.207355201 0.004611353 -0.169630468 -0.008708471 0.985458434
1.868002 -0.071217351 -0.004197345 0.222271562 0.004662571 -0.187031567 -0.010220363 0.982289672
1.971750 -0.081527464 -0.004279024 0.237477139 0.004788010 -0.204484239 -0.011602853 0.978789389
2.075498 -0.091865547 -0.004632491 0.253345966 0.004734194 -0.223436341 -0.012589741 0.974625707
2.179126 -0.102939233 -0.003959354 0.268875718 0.005065154 -0.243182525 -0.010126201 0.969914436
2.282875 -0.114556491 -0.004516879 0.284554660 0.004715136 -0.264415830 -0.007711497 0.964366376
2.386504 -0.127867833 -0.005027437 0.299923539 0.003259025 -0.287184238 -0.008073707 0.957835793
2.490144 -0.144230068 -0.005315566 0.314005077 0.002544812 -0.311018795 -0.011103831 0.950335503
2.593620 -0.161027774 -0.005275650 0.329094857 0.002744269 -0.336215496 -0.013200354 0.941688538
2.697329 -0.179520667 -0.005945331 0.343468398 0.002290237 -0.361957967 -0.012705755 0.932105005
2.800890 -0.197744057 -0.005888232 0.357813150 0.001063890 -0.388789147 -0.009834373 0.921273649
2.904641 -0.219178647 -0.005694640 0.371823281 0.000023375 -0.415046960 -0.007799415 0.909766555
3.008248 -0.241486356 -0.005434274 0.384963781 -0.001148790 -0.441306233 -0.006908447 0.897329211
3.112001 -0.265909076 -0.005590504 0.395888567 -0.002746977 -0.467217088 -0.006551228 0.884114087
3.215751 -0.291436553 -0.004845190 0.408418298 -0.003499380 -0.494444370 -0.006072305 0.869181037
3.319374 -0.320531189 -0.005254587 0.417499155 -0.004919603 -0.519732893 -0.006537965 0.854289651
3.423126 -0.349848181 -0.004900052 0.425841272 -0.006420203 -0.545170963 -0.006543209 0.838274777
3.526893 -0.383030504 -0.004318756 0.434426010 -0.006918526 -0.570144355 -0.007532444 0.821480870
3.630648 -0.415877670 -0.004948176 0.441260457 -0.009693727 -0.593844175 -0.007501523 0.804486692
3.734395 -0.453417331 -0.004193553 0.447144270 -0.011322210 -0.616042018 -0.007354419 0.787597537
3.838251 -0.491309822 -0.004212251 0.450813562 -0.012253929 -0.636362076 -0.006956424 0.771261811
3.942122 -0.531530082 -0.003180147 0.453055054 -0.011279318 -0.654809237 -0.008048013 0.755667210
4.046284 -0.572560787 -0.002008267 0.453292757 -0.010179690 -0.670665264 -0.009011334 0.741635501
4.150266 -0.616552234 -0.001453919 0.453706682 -0.009494059 -0.684875965 -0.008806083 0.728544593
4.254380 -0.661195099 -0.000277003 0.454218477 -0.008620434 -0.697909534 -0.007479306 0.716095030
4.358512 -0.708787203 0.000002980 0.449992597 -0.007777130 -0.708528936 -0.006555669 0.705608428
4.462646 -0.755797148 0.000845798 0.446800202 -0.006467104 -0.717977762 -0.006365185 0.696006894
4.566885 -0.807236731 0.001775115 0.442130715 -0.005739315 -0.725058973 -0.005547625 0.688640535
4.671250 -0.858853519 0.003083517 0.438780457 -0.005678681 -0.730901837 -0.004707192 0.682442725
4.775500 -0.913158059 0.003590238 0.432073236 -0.005890592 -0.735117733 -0.004973297 0.677895606
4.879959 -0.969222009 0.004104265 0.426119566 -0.006216119 -0.738489509 -0.005308538 0.674215376
4.984250 -1.025540829 0.004102872 0.419616550 -0.005816255 -0.740645111 -0.006825341 0.671836555
5.088502 -1.083502293 0.004187076 0.413461536 -0.006168543 -0.742135882 -0.007552090 0.670178533
5.192878 -1.144475222 0.005392637 0.405951023 -0.006997665 -0.742478490 -0.006885663 0.669797957
5.297154 -1.205385089 0.006180657 0.399952680 -0.008528557 -0.742204905 -0.006837504 0.670083880
5.401501 -1.270817399 0.006970138 0.393194139 -0.008932186 -0.741721570 -0.008050242 0.670600116
5.505749 -1.335351229 0.007612103 0.386403084 -0.008220728 -0.741149187 -0.008810887 0.671232164
5.610008 -1.401684165 0.008569110 0.379001558 -0.006639879 -0.740435958 -0.008590296 0.672039211
5.714253 -1.469796419 0.009609266 0.372508258 -0.006604160 -0.740109265 -0.008658182 0.672398448
5.818377 -1.537681580 0.011228954 0.367373228 -0.007618281 -0.739683032 -0.009428269 0.672846258
5.922523 -1.611733675 0.012317430 0.358461469 -0.008612690 -0.738853395 -0.010986025 0.673721552
6.026772 -1.684197545 0.013054606 0.351922989 -0.009175152 -0.738316238 -0.011866019 0.674287915
6.130876 -1.757621288 0.014335789 0.344366491 -0.007957138 -0.737596512 -0.012468936 0.675079644
6.235023 -1.833820343 0.015745588 0.337062687 -0.006439547 -0.736971855 -0.012206347 0.675782561
6.339025 -1.910304546 0.017121013 0.329853356 -0.006085561 -0.736371398 -0.012110810 0.676441729
6.443143 -1.989114642 0.018500753 0.323906153 -0.007654061 -0.735979497 -0.012169288 0.676851153
6.547271 -2.067044258 0.020270040 0.317752391 -0.009053666 -0.735619843 -0.011882696 0.677229881
6.651280 -2.146791220 0.022381531 0.310810745 -0.009831682 -0.735211253 -0.011942334 0.677661479
6.755380 -2.227538586 0.022395300 0.304452479 -0.008481771 -0.735045135 -0.010564323 0.677882850
6.859377 -2.307433128 0.022920208 0.297599971 -0.006696991 -0.734874606 -0.007486781 0.678128600
6.963378 -2.388438463 0.023773052 0.291119844 -0.006286961 -0.734996676 -0.004621888 0.678025842
7.067377 -2.471321106 0.024905903 0.284625500 -0.006900959 -0.735274553 -0.004428941 0.677719772
7.171256 -2.554628372 0.024592200 0.278559297 -0.009490721 -0.735419512 -0.007422170 0.677504957
7.275272 -2.638315916 0.026274212 0.270461112 -0.011127452 -0.735478163 -0.010573589 0.677374542
7.379272 -2.722315073 0.027273811 0.261955172 -0.012315530 -0.735352397 -0.013325896 0.677441955
7.483251 -2.805512428 0.028151078 0.253442883 -0.011884211 -0.735395193 -0.014140455 0.677386701
7.587271 -2.888564110 0.031016091 0.247070014 -0.010822811 -0.735708654 -0.012118275 0.677103221
7.691129 -2.972756147 0.032741018 0.237944022 -0.009974513 -0.735575676 -0.011004660 0.677279770
7.795131 -3.057553053 0.031954858 0.231412068 -0.009736413 -0.735737264 -0.012824212 0.677075624
7.899003 -3.136852980 0.032570381 0.226432428 -0.010146669 -0.735908866 -0.014300624 0.676853478
8.003004 -3.219366074 0.034487590 0.217561111 -0.009379625 -0.735704780 -0.013792675 0.677096903
8.107005 -3.304670334 0.035920519 0.209912375 -0.007065138 -0.735575378 -0.012281098 0.677294672
8.211004 -3.387928486 0.036470510 0.201668069 -0.005393472 -0.735537410 -0.011256007 0.677369118
8.315006 -3.469671249 0.037422322 0.193870872 -0.005610350 -0.735249996 -0.011462955 0.677675843
8.418880 -3.551728010 0.037002143 0.188172683 -0.006800382 -0.735111654 -0.012250837 0.677801192
8.522877 -3.632365942 0.038506001 0.182520762 -0.008822110 -0.735144734 -0.013518412 0.677717924
8.626899 -3.713987827 0.039516229 0.174843222 -0.010848409 -0.734808981 -0.015582721 0.678008318
8.730751 -3.798885822 0.041604355 0.168525174 -0.011720954 -0.734857678 -0.016760329 0.677912891
8.834756 -3.877340317 0.042698327 0.163406655 -0.012177328 -0.734883964 -0.016565703 0.677881122
8.938756 -3.959637403 0.044068597 0.155856699 -0.010711618 -0.734896779 -0.015058326 0.677927136
9.042758 -4.041278839 0.045935556 0.147587404 -0.008711943 -0.734623551 -0.013727090 0.678280056
9.146631 -4.122002125 0.046813745 0.139028758 -0.006159635 -0.734376073 -0.014640048 0.678556919
9.250652 -4.208793640 0.048034716 0.131344020 -0.004627381 -0.734621584 -0.014914943 0.678297341
9.354505 -4.288743496 0.049608469 0.124507368 -0.004413918 -0.734843314 -0.013156348 0.678094923
9.458529 -4.368069649 0.049322281 0.118203074 -0.004720369 -0.735488713 -0.010473076 0.677439570
9.562503 -4.452165127 0.050420824 0.110544644 -0.005651937 -0.735572815 -0.008300103 0.677371204
9.666385 -4.532772064 0.050574925 0.105164401 -0.007020710 -0.736353338 -0.009783376 0.676490009
9.770380 -4.614140034 0.051355157 0.096771263 -0.009725980 -0.736715794 -0.011320364 0.676037788
9.874249 -4.693820953 0.052674498 0.089909486 -0.011155508 -0.737396002 -0.012205925 0.675258279
9.978133 -4.774004936 0.053078271 0.082593374 -0.011220242 -0.737911701 -0.011724047 0.674702108
10.082130 -4.854020596 0.053415988 0.074392669 -0.008838734 -0.738292396 -0.011620982 0.674322665
10.186010 -4.932517052 0.054155581 0.065761313 -0.006006504 -0.738730192 -0.012156359 0.673864782
10.290010 -5.012285233 0.055249453 0.055035435 -0.004106595 -0.738941550 -0.013052039 0.673630536
10.393880 -5.092567444 0.055503935 0.048375748 -0.003878131 -0.739430964 -0.014077080 0.673073947
10.497760 -5.171270847 0.055921111 0.038988609 -0.004261566 -0.739519298 -0.015050014 0.672953606
10.601750 -5.247876644 0.056722581 0.031511135 -0.003294382 -0.739882708 -0.015573529 0.672547519
10.705630 -5.328462601 0.057695158 0.024347415 -0.003163584 -0.740282178 -0.015468664 0.672110796
10.809650 -5.406208515 0.058839649 0.014930301 -0.004408198 -0.740181565 -0.015399521 0.672216237
10.913510 -5.481578350 0.060709249 0.009142520 -0.005491476 -0.740612864 -0.015962411 0.671719849
11.017510 -5.560231686 0.061869103 0.001562491 -0.006536184 -0.740553260 -0.017809542 0.671729863
11.121380 -5.635992050 0.061491527 -0.005316340 -0.007771360 -0.740880668 -0.018535251 0.671335876
11.225380 -5.710072517 0.061909586 -0.012891541 -0.008381881 -0.741120934 -0.018169889 0.671073318
11.329280 -5.784106255 0.063108683 -0.019992473 -0.007989940 -0.741413713 -0.017083751 0.670783162
11.433260 -5.856994152 0.062800206 -0.026324308 -0.006211709 -0.741564691 -0.016795125 0.670642316
11.537150 -5.928992271 0.067861088 -0.037028167 -0.004982155 -0.741176605 -0.014646248 0.671131730
11.641130 -5.997800827 0.067695618 -0.041505504 -0.003986269 -0.741236031 -0.014126798 0.671083987
11.745130 -6.068515301 0.066302598 -0.048818316 -0.003292928 -0.740372479 -0.014883524 0.672023952
11.849140 -6.135341167 0.065041460 -0.055071231 -0.003653562 -0.738930523 -0.015824016 0.673585892
11.953260 -6.201316357 0.067181081 -0.060746204 -0.004496448 -0.737000644 -0.015360319 0.675702572
12.057260 -6.265445709 0.069058448 -0.064612694 -0.005278900 -0.734937668 -0.014764654 0.677953362
12.161380 -6.327450752 0.067467764 -0.069787458 -0.005663270 -0.731759489 -0.016079037 0.681349754
12.265510 -6.388846397 0.067138381 -0.072213799 -0.005462136 -0.727831602 -0.017846806 0.685501873
12.369630 -6.446583271 0.067954406 -0.074519649 -0.004829309 -0.722679317 -0.019467775 0.690892339
12.473910 -6.504608154 0.070390061 -0.076301619 -0.004564611 -0.716131806 -0.019940527 0.697665274
12.578130 -6.559969902 0.070208758 -0.074448064 -0.004696372 -0.708553374 -0.020769708 0.705335855
12.682390 -6.612512589 0.071419537 -0.072236769 -0.004936861 -0.699468613 -0.020263815 0.714358985
12.786780 -6.665311813 0.072942659 -0.067669414 -0.005103749 -0.688883960 -0.019181600 0.724599838
12.891130 -6.714276314 0.073284201 -0.061811347 -0.005709712 -0.676273048 -0.018438952 0.736398101
12.995510 -6.760136604 0.074033163 -0.053569742 -0.006037285 -0.662234426 -0.018060541 0.749054670
13.099880 -6.804841042 0.075007044 -0.044493623 -0.006008243 -0.646511614 -0.017709766 0.762674928
13.204380 -6.847463131 0.074125789 -0.033843897 -0.007260693 -0.628636718 -0.017438810 0.777469635
13.308760 -6.889131546 0.072845727 -0.019145310 -0.008849601 -0.609246850 -0.015544370 0.792778909
13.413260 -6.928134441 0.072952613 -0.003018851 -0.010184257 -0.588356972 -0.011823933 0.808450699
13.517630 -6.967655659 0.073722504 0.017041249 -0.010460209 -0.566551447 -0.007947524 0.823921680
13.622130 -7.005603790 0.074290968 0.038468167 -0.010919414 -0.543012202 -0.005140922 0.839638054
13.726510 -7.044829369 0.075401701 0.062455490 -0.011043460 -0.518941402 -0.004981901 0.854723990
13.830760 -7.082171917 0.076228514 0.086268798 -0.011355615 -0.494536877 -0.004078191 0.869072914
13.935130 -7.112083435 0.076122083 0.114502378 -0.014161920 -0.472225040 -0.000559706 0.881364107
14.039380 -7.143914223 0.076695912 0.144527659 -0.016964799 -0.448404729 0.004079064 0.893660307
14.143650 -7.175427437 0.076509096 0.175555691 -0.016091352 -0.424097687 0.005831878 0.905454695
14.247880 -7.202766418 0.076771416 0.206209004 -0.012249903 -0.399216533 0.006426308 0.916752338
14.352150 -7.230521202 0.077991955 0.239519671 -0.005922527 -0.372757792 0.007402453 0.927880228
14.456380 -7.257163525 0.077239670 0.275615156 -0.001441502 -0.345605820 0.006417236 0.938356698
14.560630 -7.283217907 0.077510580 0.315297872 0.000384817 -0.317484707 0.006395827 0.948241770
14.664880 -7.308641434 0.077074252 0.358619869 0.001299746 -0.289354742 0.006501359 0.957198977
14.769010 -7.333348274 0.076701581 0.405343771 0.003009219 -0.261334956 0.005179582 0.965229571
14.873160 -7.355139732 0.075309925 0.452828497 0.002376777 -0.234845310 0.004603218 0.972018957
14.977150 -7.377657413 0.075351000 0.506077468 0.002773420 -0.210797310 0.001775551 0.977524281
15.081160 -7.397123814 0.073940508 0.557752967 0.003916889 -0.188648596 -0.001189176 0.982036114
15.185010 -7.416067123 0.073266044 0.614170432 0.003562606 -0.169512823 -0.003488131 0.985515356
15.288760 -7.434772491 0.071670994 0.673277438 0.002303367 -0.153598815 -0.003517632 0.988124371
15.392480 -7.450015068 0.071152948 0.734404087 0.001610809 -0.141290992 -0.003112396 0.989961922
15.496190 -7.466404438 0.071205311 0.798344076 0.000704785 -0.130411550 -0.003150705 0.991454661
15.599910 -7.481734276 0.069537744 0.862301350 -0.000713508 -0.121067688 -0.004318537 0.992634594
15.703610 -7.497951984 0.069791563 0.931694508 -0.001136547 -0.113301888 -0.006693328 0.993537426
15.807320 -7.513470173 0.068975829 0.999720454 -0.001796888 -0.106285743 -0.008439776 0.994298220
15.911010 -7.526459694 0.068439573 1.071635008 -0.001686696 -0.100026205 -0.007672484 0.994953811
16.014760 -7.539162636 0.067834318 1.143094659 -0.001530258 -0.093257859 -0.007651349 0.995611429
16.118550 -7.552171230 0.067721456 1.218911052 -0.001847418 -0.085729703 -0.007930593 0.996285141
16.222360 -7.565899372 0.067846000 1.295006752 -0.001958033 -0.078283310 -0.008748254 0.996890843
16.326140 -7.576085091 0.066222653 1.372305036 -0.000715377 -0.072018325 -0.009216089 0.997360468
16.429890 -7.587076187 0.065791361 1.449994922 0.002041328 -0.066200115 -0.009399608 0.997759998
16.533760 -7.595807552 0.064528704 1.530970812 0.004937964 -0.061772417 -0.008791308 0.998039365
16.637520 -7.604608536 0.063307263 1.611771107 0.005065781 -0.057920814 -0.008996962 0.998267770
16.741260 -7.615041733 0.062174745 1.696260452 0.001937434 -0.054294381 -0.009629884 0.998476624
16.845140 -7.624845505 0.060726814 1.779126763 -0.002075512 -0.051640891 -0.011003449 0.998602927
16.948890 -7.633996010 0.059460022 1.864091396 -0.003888137 -0.049544845 -0.011959295 0.998692751
17.052630 -7.642894268 0.057810690 1.947085261 -0.003706982 -0.047685534 -0.011728441 0.998786688
17.156420 -7.651146889 0.057311710 2.030097008 -0.003101551 -0.046009243 -0.011455106 0.998870492
17.260280 -7.657892704 0.056435369 2.113657951 -0.004223546 -0.044905361 -0.010729017 0.998924732
17.364000 -7.666112900 0.056281038 2.196864128 -0.005398349 -0.043451354 -0.009521249 0.998995602
17.467890 -7.671864986 0.055189773 2.279270172 -0.006337577 -0.042177163 -0.008734332 0.999051869
17.571660 -7.679189205 0.054502137 2.363077641 -0.004506072 -0.040910833 -0.008242813 0.999118626
17.675510 -7.687351704 0.053494200 2.444304228 -0.000971069 -0.039896235 -0.009878103 0.999154568
17.779390 -7.693244457 0.052541416 2.523867130 0.003046555 -0.039266061 -0.010053057 0.999173582
17.883140 -7.701730251 0.050980289 2.608460426 0.005041433 -0.038410336 -0.010766300 0.999191344
17.987010 -7.707759857 0.048883937 2.688341379 0.004045450 -0.037356935 -0.011398100 0.999228776
18.090880 -7.715524673 0.047484666 2.771961451 0.001997949 -0.036044244 -0.012749732 0.999266863
18.194760 -7.721856594 0.045976382 2.853306055 -0.000273447 -0.035003059 -0.014226708 0.999285877
18.298510 -7.728358269 0.044895373 2.932417631 -0.001087269 -0.033589136 -0.013181275 0.999348164
18.402390 -7.732870102 0.043030538 3.015695095 -0.001296597 -0.033312481 -0.011414276 0.999378979
18.506260 -7.738262653 0.042107522 3.093465090 -0.001369834 -0.032615978 -0.010293496 0.999414027
18.610130 -7.744059086 0.039930679 3.175978661 -0.000695866 -0.032060616 -0.010681542 0.999428630
18.713910 -7.747410297 0.039171588 3.255825996 0.000120973 -0.032359663 -0.009255698 0.999433458
18.817760 -7.753430367 0.039058398 3.334851980 0.000147464 -0.031490117 -0.008834084 0.999464989
18.921640 -7.759870529 0.037844241 3.415569782 -0.000382554 -0.031032212 -0.010621803 0.999461889
19.025510 -7.764252186 0.037360642 3.498375177 0.000217269 -0.031128457 -0.010510698 0.999460101
19.129390 -7.770532608 0.035628755 3.583992720 0.000169638 -0.031891663 -0.009559484 0.999445617
19.233260 -7.775495529 0.034358747 3.667204857 -0.000159846 -0.033138514 -0.008790093 0.999412119
19.337010 -7.783704281 0.033224810 3.752102852 0.000078230 -0.034224041 -0.009609326 0.999368012
19.440890 -7.790735722 0.030968871 3.839538813 -0.000048871 -0.035791267 -0.011355068 0.999294758
19.544760 -7.797912121 0.030443743 3.926392078 0.002497768 -0.037141223 -0.012378669 0.999230266
19.648510 -7.805099010 0.029106550 4.012759686 0.004345662 -0.038551506 -0.012771094 0.999165535
19.752390 -7.813110828 0.027552895 4.100107670 0.005062002 -0.039260648 -0.011677511 0.999147952
19.856260 -7.820643425 0.026009837 4.188643932 0.004345356 -0.040453065 -0.012192589 0.999097586
19.960140 -7.829702377 0.024074500 4.276252747 0.004053666 -0.041285034 -0.011047705 0.999078095
20.064010 -7.837411404 0.023475317 4.368597031 0.003541002 -0.042202298 -0.011231438 0.999039710
20.167930 -7.845341206 0.020664355 4.461213589 0.001356534 -0.042843293 -0.010489281 0.999025822
20.271890 -7.854785442 0.020568438 4.552045822 -0.000578115 -0.042956140 -0.010435250 0.999022305
20.375760 -7.861720085 0.018889286 4.643518448 -0.001797931 -0.042854916 -0.010686824 0.999022543
20.479750 -7.870794296 0.017196417 4.736936569 -0.002335338 -0.041990399 -0.011697340 0.999046803
20.583640 -7.878169537 0.015993861 4.828986168 -0.001643176 -0.041225441 -0.011388755 0.999083638
20.687510 -7.884575844 0.015249808 4.921460629 -0.000494918 -0.040617868 -0.010101895 0.999123573
20.791530 -7.891727448 0.014042294 5.015345097 -0.000121359 -0.040028267 -0.008533895 0.999162078
20.895390 -7.901902199 0.014000981 5.109865665 0.000427639 -0.038244896 -0.008725516 0.999230206
20.999260 -7.908133507 0.012156244 5.207716942 -0.000843289 -0.038080033 -0.007277047 0.999247849
21.103270 -7.916504383 0.010305933 5.298987389 -0.002343738 -0.037261598 -0.006301822 0.999282956
21.207140 -7.924356461 0.010511448 5.396370888 -0.001820735 -0.036659606 -0.006821020 0.999302864
21.311120 -7.930356026 0.008055830 5.489254951 -0.000695442 -0.036482360 -0.006633804 0.999312043
21.415040 -7.939226627 0.005454689 5.580865860 0.001874621 -0.035904191 -0.007610036 0.999324501
21.519010 -7.944372177 0.004603799 5.677936077 0.005136779 -0.035968449 -0.008544613 0.999303162
21.622900 -7.953932285 0.001207799 5.769723892 0.007994891 -0.035079293 -0.011284231 0.999288857
21.726890 -7.960526466 -0.002043905 5.855885983 0.008106845 -0.034738917 -0.010722755 0.999306023
21.830760 -7.967832088 -0.001779399 5.948760033 0.005462310 -0.034700681 -0.009970885 0.999333084
21.934640 -7.974461079 -0.005294851 6.041884899 0.000941654 -0.035115123 -0.008924896 0.999343038
22.038660 -7.982040882 -0.008447629 6.131980419 -0.003352792 -0.035444289 -0.008160181 0.999332726
22.142620 -7.988488197 -0.008455030 6.219049454 -0.001808448 -0.036581356 -0.007320283 0.999302208
22.246540 -7.995885849 -0.010596149 6.310355186 -0.000347698 -0.037452292 -0.004964556 0.999285996
22.350390 -8.002000809 -0.012733637 6.398371696 0.000098724 -0.039110761 -0.004046109 0.999226689
22.454390 -8.010111809 -0.014722209 6.485986233 0.001293477 -0.040217508 -0.005396361 0.999175549
22.558370 -8.018929482 -0.015904758 6.574350834 0.003242530 -0.041826308 -0.006121109 0.999100864
22.662270 -8.026951790 -0.018094033 6.661666393 0.004851383 -0.043992843 -0.006407585 0.998999536
22.766140 -8.035612106 -0.020098837 6.747966766 0.006983915 -0.045352109 -0.007470735 0.998918712
22.870160 -8.045871735 -0.023093782 6.835611343 0.007132794 -0.047067322 -0.010419503 0.998811901
22.974020 -8.054716110 -0.025529608 6.922585487 0.006145129 -0.049068801 -0.011302372 0.998712540
23.078010 -8.064340591 -0.027970988 7.009232998 0.003170990 -0.050918303 -0.012809815 0.998615623
23.181990 -8.074569702 -0.029955760 7.095616817 0.000444397 -0.052866850 -0.012830041 0.998519063
23.285910 -8.084274292 -0.031749032 7.180777073 -0.001447177 -0.055680659 -0.012219195 0.998372793
23.389770 -8.095484734 -0.032093860 7.264417171 -0.001833781 -0.058706831 -0.012721067 0.998192549
23.493760 -8.106280327 -0.033962287 7.351980686 -0.003788343 -0.061631013 -0.010906245 0.998032212
23.597640 -8.117552757 -0.033979245 7.437966347 -0.003236798 -0.064916082 -0.011535874 0.997818768
23.701510 -8.130443573 -0.034536801 7.520810127 -0.002686102 -0.068038374 -0.014048568 0.997580171
23.805540 -8.143891335 -0.035356443 7.602085114 -0.000821105 -0.070805594 -0.014854879 0.997379184
23.909390 -8.155508041 -0.037611824 7.683347225 0.000558321 -0.073852606 -0.014634279 0.997161627
24.013390 -8.170128822 -0.038049426 7.764930725 0.001529590 -0.076082200 -0.016748274 0.996959686
24.117270 -8.185023308 -0.039686274 7.844566822 -0.001047409 -0.078686006 -0.016721170 0.996758640
24.221270 -8.199367523 -0.041335810 7.927416801 -0.003154245 -0.081953168 -0.016762912 0.996490180
24.325140 -8.213927269 -0.042840254 8.005363464 -0.004457428 -0.084893785 -0.016216043 0.996248066
24.429140 -8.227574348 -0.043201070 8.083398819 -0.002448275 -0.088685267 -0.015212578 0.995940506
24.533020 -8.244864464 -0.043687437 8.160935402 0.001083436 -0.092593119 -0.014094065 0.995603681
24.636890 -8.261005402 -0.045189872 8.238994598 0.001878308 -0.097277910 -0.013228937 0.995167553
24.740760 -8.279841423 -0.045842730 8.316965103 0.000537369 -0.102601111 -0.012735235 0.994640887
24.844640 -8.295878410 -0.046846788 8.400351524 -0.002418487 -0.108373851 -0.012944669 0.994022965
24.948510 -8.316782951 -0.046443969 8.476016998 -0.006155644 -0.114303812 -0.013243720 0.993338466
25.052390 -8.335261345 -0.047769185 8.557644844 -0.007843714 -0.120118983 -0.013714007 0.992633760
25.156270 -8.357483864 -0.048342645 8.632507324 -0.005186697 -0.125713468 -0.015903918 0.991925538
25.260140 -8.378150940 -0.048519850 8.710054398 -0.000544961 -0.132241473 -0.015846495 0.991090715
25.364010 -8.402843475 -0.048812523 8.785821915 0.001759183 -0.138300180 -0.014702323 0.990279675
25.467890 -8.426529884 -0.049566884 8.862332344 -0.000638016 -0.144499764 -0.013743026 0.989409208
25.571790 -8.448032379 -0.049876560 8.935972214 -0.004436003 -0.150571555 -0.013767001 0.988493323
25.675640 -8.476420403 -0.053303700 9.014652252 -0.007902700 -0.156583741 -0.012200464 0.987557709
25.779520 -8.500231743 -0.050428987 9.087510109 -0.006263886 -0.163209110 -0.012385087 0.986493886
25.883390 -8.527207375 -0.050109547 9.162334442 -0.004005537 -0.169317380 -0.011888887 0.985481739
25.987390 -8.555366516 -0.051837165 9.235590935 -0.000885205 -0.173731625 -0.010753531 0.984733939
26.091270 -8.584673882 -0.051953338 9.310834885 0.001869538 -0.177748233 -0.008667207 0.984036088
26.195270 -8.616431236 -0.052724980 9.386642456 0.002990061 -0.180949077 -0.009218676 0.983444691
26.299290 -8.647261620 -0.054187808 9.460669518 0.003413682 -0.185150608 -0.011626380 0.982635438
26.403140 -8.675432205 -0.055299204 9.538936615 0.002471022 -0.189910188 -0.011817492 0.981727242
26.507020 -8.709401131 -0.056629442 9.613439560 -0.001025157 -0.193855301 -0.011496065 0.980962276
26.611020 -8.740525246 -0.056389522 9.690944672 -0.005067774 -0.197547853 -0.011796718 0.980209172
26.714890 -8.775236130 -0.057615921 9.764658928 -0.007512701 -0.200367451 -0.016796660 0.979548037
26.818890 -8.808938980 -0.057890665 9.839715004 -0.005290859 -0.203617260 -0.020808958 0.978815138
26.922890 -8.844880104 -0.057763319 9.914535522 -0.001610771 -0.206471041 -0.019469416 0.978257716
27.026890 -8.876568794 -0.056862913 9.990945816 0.001795779 -0.209352747 -0.015968928 0.977708101
27.130890 -8.911821365 -0.057906806 10.064061165 0.002038999 -0.211295366 -0.016395414 0.977282584
27.234770 -8.947025299 -0.058547243 10.140736580 0.000054884 -0.213946998 -0.019473525 0.976651132
27.338640 -8.984677315 -0.058606867 10.217847824 -0.001790712 -0.216546863 -0.020110879 0.976063430
27.442660 -9.020399094 -0.059640296 10.292046547 -0.000994457 -0.219236255 -0.018687125 0.975492299
27.546520 -9.057022095 -0.060662620 10.367268562 0.002122496 -0.222012281 -0.018516900 0.974865735
27.650520 -9.093004227 -0.060045823 10.440778732 0.005636183 -0.224641860 -0.017435154 0.974269092
27.754390 -9.132106781 -0.062167559 10.516511917 0.006330347 -0.226948366 -0.018695910 0.973706782
27.858410 -9.170301437 -0.063838929 10.590254784 0.004323412 -0.229045108 -0.019724116 0.973206341
27.962300 -9.208622932 -0.064818941 10.664522171 0.003439616 -0.231286541 -0.019958483 0.972674847
28.066150 -9.246966362 -0.065821536 10.738084793 0.003305521 -0.233910233 -0.020620415 0.972033918
28.170020 -9.286079407 -0.067501277 10.812052727 0.003451518 -0.236196458 -0.019946180 0.971494436
28.274040 -9.324342728 -0.068682902 10.884603500 0.003464713 -0.238477156 -0.018821778 0.970959485
28.377890 -9.362599373 -0.070154168 10.956503868 0.003090576 -0.240783051 -0.018692780 0.970394015
28.481890 -9.403070450 -0.070453934 11.029142380 0.003133863 -0.242834136 -0.019126162 0.969874203
28.585770 -9.441364288 -0.072443552 11.101416588 0.003140405 -0.245573208 -0.019631905 0.969174147
28.689660 -9.479859352 -0.073697142 11.170961380 0.005158152 -0.247985423 -0.018861482 0.968566418
28.793670 -9.517369270 -0.074744426 11.241907120 0.007275214 -0.250676543 -0.017653788 0.967882574
28.897520 -9.556631088 -0.076788090 11.311017990 0.008391812 -0.252802581 -0.017072136 0.967330873
29.001520 -9.598640442 -0.078452535 11.381353378 0.006422393 -0.254752100 -0.016857622 0.966838121
29.105390 -9.640336037 -0.079735108 11.448973656 0.002244997 -0.255900770 -0.018456839 0.966524243
29.209390 -9.681841850 -0.080214679 11.511751175 -0.002756839 -0.256483048 -0.018274007 0.966372013
29.313270 -9.719012260 -0.082204774 11.580440521 -0.005455464 -0.258417964 -0.017469663 0.965859830
29.417270 -9.755885124 -0.081795506 11.645011902 -0.005337262 -0.260198981 -0.016016738 0.965407372
29.521140 -9.794298172 -0.081949562 11.712878227 -0.003635501 -0.262251019 -0.014907858 0.964877725
29.625020 -9.832066536 -0.081838965 11.773982048 -0.002262552 -0.263599902 -0.014270687 0.964523852
29.729040 -9.867783546 -0.082102634 11.835051537 -0.001736648 -0.265165120 -0.013499393 0.964106917
29.832900 -9.902661324 -0.082481094 11.892257690 -0.001804732 -0.266550750 -0.012235560 0.963741481
29.936770 -9.937214851 -0.082657009 11.948876381 -0.002016303 -0.267780364 -0.012450347 0.963397384
30.040770 -9.975860596 -0.083808869 12.005421638 -0.003089984 -0.268083006 -0.012068174 0.963315308
30.144650 -10.007802963 -0.084393300 12.055976868 -0.003484034 -0.269268304 -0.011532367 0.962989867
30.248520 -10.036642075 -0.083603851 12.107466698 -0.003726579 -0.270996779 -0.009943106 0.962521672
30.352400 -10.069645882 -0.084240764 12.153706551 -0.003308391 -0.271254390 -0.009604582 0.962454081
30.456270 -10.101708412 -0.081742652 12.202315331 -0.000460596 -0.272126794 -0.009926495 0.962210119
30.560270 -10.130042076 -0.083741911 12.243308067 0.001154466 -0.273038357 -0.009284357 0.961957633
30.664040 -10.155700684 -0.084225290 12.287170410 0.001859400 -0.275475085 -0.007506866 0.961277127
30.767900 -10.180308342 -0.086140171 12.325847626 0.000668445 -0.277654856 -0.005386101 0.960665584
30.871790 -10.206584930 -0.084997185 12.364525795 0.000484900 -0.280421585 -0.005641897 0.959860265
30.975650 -10.229620934 -0.083951138 12.401025772 0.000547584 -0.283991069 -0.007295694 0.958799005
31.079540 -10.253388405 -0.085157275 12.433643341 -0.001096096 -0.286993563 -0.009869078 0.957881033
31.183270 -10.276635170 -0.085268438 12.465629578 -0.004092272 -0.290156841 -0.011781283 0.956897855
31.287140 -10.298518181 -0.085285604 12.494982719 -0.006132071 -0.293779045 -0.011672748 0.955782413
31.390900 -10.320078850 -0.087636016 12.522929192 -0.007677733 -0.297768742 -0.010569475 0.954548657
31.494660 -10.338824272 -0.087509722 12.547816277 -0.008588347 -0.303264856 -0.009205349 0.952823162
31.598390 -10.357341766 -0.087826237 12.572551727 -0.009605264 -0.310367256 -0.008018300 0.950534403
31.702150 -10.375418663 -0.088743843 12.595023155 -0.010226629 -0.318457454 -0.008164635 0.947846830
31.805770 -10.394250870 -0.088576525 12.614958763 -0.009757454 -0.327661514 -0.009037194 0.944701552
31.909520 -10.412658691 -0.087867551 12.633664131 -0.008140703 -0.337447912 -0.008633471 0.941269398
32.013150 -10.429754257 -0.088602141 12.650419235 -0.005806399 -0.348061293 -0.008301221 0.937417030
32.116900 -10.446472168 -0.087693878 12.666440010 -0.003013693 -0.358498573 -0.007231782 0.933497369
32.220650 -10.462593079 -0.086077437 12.681362152 0.000004205 -0.369116217 -0.008117866 0.929347813
32.324400 -10.480174065 -0.086849757 12.695333481 0.002030748 -0.379546374 -0.011405242 0.925100148
32.428170 -10.499687195 -0.086777225 12.708762169 0.002514189 -0.390070409 -0.012783308 0.920692861
32.531770 -10.515922546 -0.086389996 12.724653244 0.001444021 -0.402340770 -0.011589257 0.915415525
32.635530 -10.533905029 -0.086149596 12.738431931 0.000121060 -0.414576292 -0.010632118 0.909952402
32.739270 -10.554880142 -0.086179130 12.749878883 -0.000953506 -0.426843852 -0.011245527 0.904254913
32.842900 -10.574494362 -0.086710311 12.761858940 -0.001914995 -0.440645814 -0.013572710 0.897576392
32.946650 -10.594219208 -0.085803300 12.773091316 -0.002733211 -0.454281062 -0.015476651 0.890719771
33.050400 -10.615214348 -0.085767880 12.783023834 -0.003389726 -0.467526346 -0.016934855 0.883810401
33.154020 -10.636130333 -0.085619435 12.792931557 -0.003435380 -0.481004655 -0.018798226 0.876509726
33.257770 -10.657558441 -0.086009942 12.801552773 -0.003763181 -0.494456321 -0.021440400 0.868929863
33.361650 -10.678144455 -0.086509198 12.808479309 -0.004404992 -0.507797897 -0.023319779 0.861149311
33.465270 -10.701039314 -0.087205753 12.816439629 -0.004830242 -0.521997631 -0.023137169 0.852619410
33.569020 -10.723184586 -0.086508296 12.824534416 -0.003529595 -0.537350178 -0.022024566 0.843064249
33.672790 -10.748283386 -0.086423516 12.830830574 -0.001882155 -0.552907348 -0.021053607 0.832974553
33.776420 -10.776713371 -0.085437514 12.838558197 -0.001165143 -0.570398629 -0.020400237 0.821113825
33.880040 -10.807034492 -0.084560774 12.844242096 -0.001128845 -0.588005602 -0.020088704 0.808606565
33.983650 -10.837698936 -0.084328532 12.848589897 -0.001191312 -0.606035888 -0.019599469 0.795194864
34.087400 -10.871849060 -0.083095789 12.851984978 -0.000713547 -0.624913454 -0.018704161 0.780469656
34.191020 -10.908632278 -0.082571715 12.855126381 -0.000844825 -0.644393086 -0.017896935 0.764484525
34.294770 -10.945130348 -0.081436336 12.853494644 -0.001166485 -0.663040161 -0.017903702 0.748368740
34.398420 -10.984483719 -0.080908149 12.851385117 -0.002552370 -0.682218492 -0.018351555 0.730913579
34.502140 -11.025558472 -0.078857489 12.848256111 -0.004213920 -0.701388597 -0.018226707 0.712533534
34.605900 -11.067788124 -0.078692213 12.843164444 -0.006460183 -0.720341206 -0.018167078 0.693351805
34.709660 -11.112701416 -0.078286059 12.831243515 -0.009014298 -0.737676442 -0.017628169 0.674863994
34.813400 -11.156167030 -0.074925967 12.823922157 -0.009981366 -0.756209433 -0.017013447 0.654032290
34.917150 -11.204521179 -0.070948564 12.812321663 -0.009907744 -0.773419321 -0.017291073 0.633581519
35.021020 -11.254894257 -0.071129948 12.794615746 -0.012609497 -0.789054573 -0.016446773 0.613973439
35.124770 -11.303738594 -0.067735165 12.774970055 -0.013749445 -0.804126024 -0.015560633 0.594096124
35.228670 -11.358220100 -0.065934598 12.752877235 -0.015892636 -0.818703294 -0.013918988 0.573827982
35.332520 -11.408984184 -0.064351827 12.727468491 -0.018016752 -0.831979156 -0.012822996 0.554365933
35.436400 -11.467192650 -0.062647171 12.698137283 -0.019583490 -0.844731450 -0.012036502 0.534696460
35.540420 -11.523210526 -0.059704255 12.664355278 -0.020493433 -0.855958879 -0.011166605 0.516516924
35.644400 -11.580526352 -0.058643620 12.628585815 0.020951904 0.865878582 0.011299901 -0.499687463
35.748650 -11.642625809 -0.056463052 12.586792946 0.020977767 0.874142647 0.011394693 -0.485082209
35.852770 -11.704068184 -0.053122092 12.545065880 0.020074196 0.880747616 0.011453707 -0.473021656
35.957050 -11.765512466 -0.051082075 12.498771667 0.019183418 0.885662317 0.011389623 -0.463793606
36.061290 -11.831062317 -0.048352461 12.449590683 0.018751452 0.889471769 0.011827586 -0.456452042
36.165670 -11.899051666 -0.045381967 12.398571968 0.019089250 0.892775059 0.011756785 -0.449944586
36.269900 -11.967471123 -0.042199042 12.347275734 0.020182928 0.895533562 0.011639891 -0.444383621
36.374170 -12.036142349 -0.041251216 12.293003082 0.020535009 0.897639453 0.012098921 -0.440085620
36.478420 -12.109382629 -0.037832264 12.231059074 0.020090431 0.899348497 0.012583152 -0.436589420
36.582670 -12.182426453 -0.034502279 12.174333572 0.020060707 0.901028752 0.012813739 -0.433105737
36.686900 -12.256823540 -0.030424193 12.111921310 0.020109370 0.902115047 0.012697612 -0.430839717
36.791110 -12.333064079 -0.031455275 12.049195290 0.020822395 0.903073430 0.013360239 -0.428772986
36.895150 -12.411508560 -0.026699502 11.985159874 0.021092489 0.903742254 0.013039790 -0.427358180
36.999490 -12.489389420 -0.023706302 11.919629097 0.021457219 0.903888166 0.013081697 -0.427029967
37.103550 -12.571724892 -0.020758713 11.852327347 0.021314535 0.904158890 0.012982347 -0.426466793
37.207650 -12.654647827 -0.018233301 11.783978462 0.021441009 0.904377639 0.012534759 -0.426009715
37.311780 -12.737819672 -0.013996271 11.712460518 0.021651164 0.904379427 0.011799892 -0.426016212
37.415890 -12.826374054 -0.009816577 11.640722275 0.021536075 0.904771566 0.012245053 -0.425176114
37.520030 -12.910448074 -0.006799259 11.568621635 0.021529283 0.904792130 0.013626144 -0.425090671
37.624150 -13.001074791 -0.003743869 11.491063118 0.021649567 0.904918075 0.014910524 -0.424773097
37.728150 -13.093924522 0.000191895 11.415917397 0.021616621 0.905331671 0.014819750 -0.423895836
37.832280 -13.183691978 0.003710784 11.338575363 0.021973668 0.905436575 0.013693794 -0.423691243
37.936280 -13.275831223 0.008569894 11.261602402 0.021714615 0.905628085 0.012772940 -0.423323870
38.040280 -13.369988441 0.012547635 11.181759834 0.022811202 0.905731797 0.012135368 -0.423063040
38.144280 -13.462800026 0.015494624 11.105598450 0.023569830 0.905972540 0.011546332 -0.422522008
38.248280 -13.559616089 0.018895447 11.022595406 0.023115462 0.906314790 0.010313477 -0.421844512
38.352280 -13.655120850 0.021318184 10.940080643 0.022324311 0.906565607 0.008433339 -0.421389818
38.456150 -13.754869461 0.024937913 10.857974052 0.020342171 0.906964362 0.007208757 -0.420654118
38.560150 -13.851533890 0.027146060 10.773190498 0.019253507 0.906812847 0.007445471 -0.421027720
38.664150 -13.951327324 0.028771693 10.688080788 0.019233663 0.906702936 0.008493122 -0.421245486
38.768150 -14.052798271 0.031946875 10.602423668 0.019089954 0.906864583 0.009952068 -0.420871854
38.872030 -14.152481079 0.035850916 10.516573906 0.019631840 0.906751275 0.010733666 -0.421071917
38.976020 -14.251703262 0.038730402 10.432006836 0.020524712 0.906710863 0.011270792 -0.421102166
39.079900 -14.358155251 0.040717125 10.343728065 0.021495454 0.907022715 0.011774369 -0.420367897
39.183930 -14.458736420 0.043221720 10.257722855 0.021738634 0.906972647 0.011916099 -0.420459330
39.287780 -14.560256004 0.046601739 10.170622826 0.021049157 0.907089293 0.012371697 -0.420229644
39.391750 -14.662991524 0.049934860 10.084959984 0.021386417 0.907187700 0.012725261 -0.419989556
39.495830 -14.763343811 0.054797083 9.996164322 0.021231418 0.907074809 0.013139805 -0.420228332
39.599580 -14.866895676 0.056621421 9.909282684 0.021776715 0.907269180 0.013861741 -0.419757336
39.703630 -14.968273163 0.060270172 9.823632240 0.021647340 0.907444060 0.013600441 -0.419394463
39.807870 -15.068305016 0.064132780 9.737528801 0.021715764 0.907541931 0.013073261 -0.419195831
39.911280 -15.168374062 0.068115421 9.649584770 0.021738928 0.907655835 0.012344996 -0.418970108
40.015280 -15.272590637 0.069589600 9.561887741 0.022201251 0.908145487 0.012754447 -0.417871088
40.119140 -15.374083519 0.073877521 9.473828316 0.022114750 0.908367395 0.012475563 -0.417401433
40.223030 -15.471310616 0.076978274 9.388567924 0.021831529 0.908371031 0.012196003 -0.417416751
40.326930 -15.575179100 0.079927869 9.299799919 0.021114262 0.908734143 0.011897295 -0.416671187
40.430770 -15.676739693 0.084623992 9.211675644 0.020449491 0.908844411 0.011764357 -0.416467607
40.534990 -15.776587486 0.086784162 9.125556946 0.019493323 0.909012318 0.012719414 -0.416118771
40.638670 -15.875398636 0.088497877 9.036156654 0.018217403 0.908578038 0.013236095 -0.417107701
40.742540 -15.977544785 0.090728201 8.948405266 0.018522467 0.908316016 0.012872099 -0.417676091
40.846410 -16.076168060 0.095397882 8.861101151 0.017593803 0.907827139 0.012169745 -0.418798596
40.950400 -16.177497864 0.096155643 8.777495384 0.017956078 0.907634139 0.012426472 -0.419193834
41.054600 -16.278181076 0.099013604 8.692225456 0.019232163 0.907418013 0.012936948 -0.419589490
41.158230 -16.379196167 0.102465667 8.605928421 0.021473818 0.906995356 0.014563354 -0.420340627
41.262460 -16.484285355 0.107113227 8.517086983 0.024338322 0.906707764 0.016868347 -0.420718491
41.365930 -16.582691193 0.111821465 8.432332993 0.025179574 0.906454325 0.017340451 -0.421195745
41.469820 -16.687685013 0.116515562 8.343927383 0.023858702 0.906581044 0.015447024 -0.421073586
41.573580 -16.786745071 0.119235784 8.259580612 0.022362391 0.906584561 0.013732474 -0.421207517
41.677410 -16.889684677 0.124268875 8.172377586 0.022969136 0.906629384 0.013332544 -0.421091318
41.781210 -16.987970352 0.127069950 8.085640907 0.023794495 0.906461477 0.014757478 -0.421359301
41.885060 -17.091766357 0.131195590 8.000019073 0.024007807 0.906701267 0.015297147 -0.420811653
41.988800 -17.191005707 0.135954186 7.915259361 0.024104845 0.906834245 0.014247983 -0.420556277
42.092740 -17.292068481 0.138789192 7.828647137 0.023692895 0.906997621 0.013652379 -0.420247048
42.196450 -17.390844345 0.142786607 7.742870331 0.023448253 0.907108903 0.014376744 -0.419996351
42.300170 -17.491781235 0.146488041 7.658854961 0.024630327 0.907358527 0.016115377 -0.419325858
42.404080 -17.589996338 0.150343075 7.573810101 0.025819642 0.907450676 0.017292509 -0.419007868
42.507790 -17.690174103 0.154361889 7.486532688 0.026135990 0.907557189 0.017409995 -0.418752581
42.611550 -17.786581039 0.158465683 7.404459000 0.026490951 0.907719374 0.016399208 -0.418419451
42.715290 -17.884471893 0.164792523 7.320529938 0.025584977 0.907878041 0.015302774 -0.418172985
42.819190 -17.981140137 0.167407840 7.232859135 0.025202049 0.907746017 0.015357082 -0.418480843
42.922920 -18.077371597 0.171044633 7.153748512 0.023852756 0.907787740 0.015602511 -0.418460220
43.026850 -18.176071167 0.175842807 7.067595482 0.023504069 0.907691598 0.015381507 -0.418696731
43.130550 -18.268926620 0.180412516 6.983392715 0.022456504 0.907266438 0.015692282 -0.419663042
43.234430 -18.367504120 0.183275178 6.903526306 0.022145623 0.907374024 0.016352296 -0.419421703
43.338330 -18.465465546 0.186602369 6.819557190 0.022551775 0.907212853 0.016245201 -0.419752687
43.442050 -18.561029434 0.190263033 6.738783836 0.021692935 0.907229543 0.016140468 -0.419765919
43.545910 -18.657325745 0.193604365 6.655618191 0.021194506 0.906973720 0.015582458 -0.420364916
43.649770 -18.752471924 0.198312193 6.574107170 0.021444118 0.906868517 0.014867404 -0.420605034
43.753650 -18.850341797 0.201432735 6.491899967 0.023603132 0.906673729 0.015172744 -0.420898378
43.857500 -18.944742203 0.204836965 6.412040234 0.023867806 0.906669974 0.014933500 -0.420900136
43.961280 -19.039186478 0.209240720 6.331528664 0.023235116 0.906550050 0.013706327 -0.421235442
44.065190 -19.132001877 0.210853681 6.255152225 0.023353025 0.906542242 0.011942334 -0.421299458
44.169050 -19.225683212 0.214676782 6.174389362 0.023084059 0.906345725 0.010713811 -0.421769857
44.272790 -19.317661285 0.217996746 6.098248482 0.021841723 0.906190395 0.011808950 -0.422140270
44.376660 -19.405788422 0.218665481 6.023103714 0.021905873 0.906023741 0.012736703 -0.422467649
44.480540 -19.495405197 0.220713407 5.947104931 0.021343155 0.906011522 0.012755048 -0.422522008
44.584310 -19.584503174 0.223055661 5.874399662 0.022025509 0.906206906 0.012140037 -0.422085941
44.688220 -19.672395706 0.227227345 5.798609257 0.021233672 0.906036019 0.012361038 -0.422486812
44.792180 -19.754650116 0.228029877 5.731384277 0.021725588 0.906207561 0.012317854 -0.422094941
44.895870 -19.841857910 0.232510582 5.655906200 0.020690421 0.906162202 0.012784324 -0.422230393
44.999710 -19.925012589 0.235942826 5.588323593 0.020756872 0.906378388 0.012258526 -0.421778500
45.103550 -20.009431839 0.234471768 5.515238285 0.021892983 0.906305611 0.012845464 -0.421860009
45.207330 -20.089359283 0.236717090 5.446797848 0.022218104 0.906267047 0.013696745 -0.421898991
45.311220 -20.175006866 0.237155154 5.374699593 0.022999378 0.906366527 0.014714410 -0.421609133
45.415240 -20.252922058 0.241937578 5.307755470 0.023297640 0.906281710 0.015356128 -0.421752155
45.518940 -20.331876755 0.246069297 5.243961811 0.024140824 0.906560123 0.015387739 -0.421104729
45.622980 -20.409036636 0.245388284 5.178679466 0.025845293 0.906626523 0.015567741 -0.420853913
45.726540 -20.483667374 0.249912873 5.115352631 0.026114978 0.906717777 0.015179303 -0.420654714
45.831090 -20.556755066 0.253143668 5.052725315 0.026034566 0.907018125 0.015521116 -0.419999272
45.934310 -20.629072189 0.255713761 4.990908146 0.027116865 0.907180905 0.014894452 -0.419601738
46.038180 -20.699117661 0.258908242 4.932664871 0.027502658 0.907903671 0.013760976 -0.418049216
46.142050 -20.768978119 0.262308478 4.870560646 0.028884601 0.908824444 0.012188444 -0.415999144
46.245920 -20.835239410 0.263312876 4.814910412 0.029934004 0.910468102 0.011613560 -0.412331134
46.349680 -20.898342133 0.264039487 4.756752968 0.031225372 0.912563980 0.011150021 -0.407587647
46.453430 -20.957578659 0.268498987 4.698207855 0.032348968 0.914646089 0.010516481 -0.402821869
46.557220 -21.011558533 0.265854537 4.640207291 0.033691883 0.917195201 0.011030283 -0.396857828
46.660970 -21.079101562 0.272380382 4.581461906 0.034919631 0.920820355 0.009872043 -0.388295054
46.764550 -21.129716873 0.273059636 4.524991989 0.036654688 0.924375057 0.009278281 -0.379606485
46.868310 -21.188282013 0.275025010 4.461802959 0.038430225 0.928679824 0.008456680 -0.368789047
46.971930 -21.236146927 0.277479500 4.405565262 0.038946334 0.933426917 0.008361459 -0.356549323
47.075560 -21.285940170 0.279182494 4.346205711 0.038015060 0.938765168 0.009249999 -0.342329085
47.179170 -21.327970505 0.280625194 4.285027027 0.036974948 0.943980873 0.010513509 -0.327753544
47.282920 -21.368667603 0.282636374 4.221678734 0.035761539 0.949488759 0.011147803 -0.311557204
47.386540 -21.403858185 0.282951504 4.162631512 0.034331195 0.955169797 0.012242105 -0.293806225
47.490160 -21.436840057 0.285853595 4.099061966 0.034887090 0.960918486 0.012490345 -0.274340212
47.593870 -21.466140747 0.285882384 4.036398888 0.033022281 0.966989040 0.013586661 -0.252303720
47.697410 -21.491533279 0.285774082 3.975086212 0.029336208 0.972750783 0.013747878 -0.229578674
47.801160 -21.511188507 0.286597461 3.916180849 0.023492355 0.977995217 0.013862782 -0.206836537
47.904910 -21.528863907 0.286308318 3.855982304 0.019218590 0.982619882 0.013481120 -0.184138477
48.008600 -21.543510437 0.285695404 3.793720007 0.015553573 0.986809313 0.012355234 -0.160663560
48.112290 -21.557018280 0.287671894 3.730302572 0.014918527 0.990566552 0.011183925 -0.135758176
48.216060 -21.567836761 0.287953198 3.668926716 0.014589158 0.993682802 0.011441488 -0.110682666
48.319780 -21.578615189 0.288688272 3.601437330 0.014726749 0.996202350 0.012286970 -0.084929563
48.423630 -21.578214645 0.288059562 3.536649227 0.011457314 0.998023272 0.014389840 -0.060093187
48.527420 -21.577161789 0.290223300 3.470769405 0.006902098 0.999238849 0.016611684 -0.034613498
48.631190 -21.572408676 0.289107561 3.407825232 0.005537676 0.999763072 0.019016815 -0.009028669
48.734910 -21.564083099 0.292414010 3.345600128 0.007575234 0.999677598 0.017979555 0.016252117
48.838780 -21.555065155 0.293293923 3.282402277 0.011795692 0.998906493 0.017225880 0.041831844
48.942530 -21.543027878 0.293264151 3.220401525 0.013609488 0.997509062 0.016059797 0.067324176
49.046410 -21.528087616 0.292613000 3.161306858 0.014826349 0.995462596 0.015396792 0.092721991
49.150280 -21.508350372 0.292726994 3.102772236 0.014946910 0.992871165 0.014253879 0.117389001
49.254030 -21.487594604 0.295370042 3.042813540 0.015306810 0.989509046 0.013025677 0.143065825
49.357910 -21.464326859 0.297039032 2.985420942 0.018119974 0.985439479 0.013019278 0.168555930
49.461780 -21.437314987 0.297576100 2.925949812 0.019543728 0.981144667 0.012638090 0.191868275
49.565780 -21.404840469 0.298342645 2.868968248 0.017323066 0.976691008 0.012890565 0.213561371
49.669780 -21.371448517 0.297736734 2.811927795 0.015852621 0.971880674 0.015041186 0.234457761
49.773780 -21.335720062 0.300327599 2.755523443 0.016024051 0.967250407 0.016170196 0.252801150
49.878030 -21.298858643 0.298341066 2.697960138 0.018831860 0.962781966 0.018892057 0.268959612
49.982180 -21.258735657 0.298913479 2.643143177 0.018693604 0.958733737 0.019198334 0.283039987
50.086410 -21.217088699 0.299257219 2.585588217 0.018154345 0.954935730 0.019693518 0.295601666
50.190690 -21.173933029 0.301212937 2.529888153 0.017561575 0.951765001 0.018705074 0.305753261
50.295050 -21.128961563 0.300761908 2.472438335 0.017242223 0.949063718 0.018805884 0.314049512
50.399300 -21.083261490 0.300631225 2.415363073 0.016643228 0.946948707 0.018385477 0.320426375
50.503680 -21.035335541 0.301114142 2.357304573 0.015558842 0.945206702 0.017566726 0.325627953
50.608030 -20.987596512 0.301692814 2.299322128 0.014593969 0.943844676 0.015908627 0.329683363
50.712390 -20.936824799 0.302913427 2.238989115 0.015301358 0.942631423 0.015322537 0.333132327
50.816730 -20.886754990 0.302554369 2.177111149 0.015952703 0.941751420 0.015424944 0.335576892
50.920920 -20.834053040 0.303929687 2.114496708 0.017785130 0.940953851 0.015719684 0.337701708
51.025280 -20.780452728 0.304196388 2.051056623 0.016978726 0.940412402 0.014595098 0.339298099
51.129530 -20.724241257 0.303299636 1.987984896 0.014980467 0.940055847 0.013477938 0.340424597
51.233800 -20.668247223 0.303954959 1.923347354 0.013458113 0.939855337 0.013070565 0.341057122
51.338030 -20.609983444 0.305393994 1.853793263 0.014602122 0.939636528 0.013884689 0.341580331
51.442160 -20.553142548 0.306294382 1.783453703 0.016845860 0.939610302 0.014647776 0.341517478
51.546400 -20.493997574 0.306064814 1.711637735 0.016919974 0.939814687 0.014363313 0.340963036
51.650530 -20.428064346 0.305860251 1.636268139 0.015973406 0.939859748 0.011745424 0.340984643
51.754650 -20.366361618 0.306541026 1.567356467 0.015895655 0.940149069 0.008072948 0.340296775
51.858780 -20.300643921 0.306592256 1.486741781 0.016963892 0.940084815 0.006193500 0.340462029
51.962780 -20.234874725 0.306797564 1.406184316 0.017792409 0.940131187 0.006320443 0.340289354
52.066910 -20.165666580 0.305961311 1.324678421 0.016878737 0.940234840 0.007292978 0.340029866
52.171030 -20.095962524 0.304752201 1.242515564 0.013543324 0.940308452 0.007754036 0.339965373
52.275030 -20.022859573 0.304712951 1.158294082 0.011859962 0.940317810 0.007577359 0.340006411
52.379030 -19.948303223 0.304222673 1.068914056 0.011385825 0.940243542 0.008185839 0.340213746
52.483160 -19.874523163 0.304528832 0.978105843 0.010506695 0.940127373 0.009648967 0.340524673
52.587160 -19.797756195 0.304783493 0.889068961 0.010380317 0.940339386 0.011817005 0.339874208
52.691180 -19.717796326 0.304773748 0.792852461 0.008739525 0.940229356 0.012219336 0.340210348
52.795150 -19.636217117 0.305180460 0.700115860 0.007157625 0.940262973 0.010188263 0.340221256
52.899160 -19.557991028 0.305317223 0.602781892 0.008919489 0.940000176 0.009223584 0.340932548
53.003160 -19.474292755 0.307030767 0.503724873 0.009949933 0.939912498 0.010051492 0.341122299
53.107160 -19.392499924 0.306772649 0.402954876 0.010076526 0.939874887 0.013109983 0.341118395
53.211180 -19.304784775 0.307882577 0.304710448 0.011390628 0.940070987 0.014745775 0.340469331
53.315160 -19.220829010 0.307352602 0.202040836 0.011835415 0.939903319 0.014883979 0.340910733
53.419160 -19.135774612 0.307356507 0.100869372 0.013593990 0.939980984 0.013513467 0.340688080
53.523150 -19.047895432 0.308121294 -0.003336039 0.015827494 0.939990997 0.011832150 0.340626538
53.627040 -18.958026886 0.309424073 -0.111505844 0.016940283 0.940007806 0.010878220 0.340558410
53.731040 -18.871040344 0.309076577 -0.213661611 0.016669352 0.940161407 0.010202344 0.340168536
53.835050 -18.785388947 0.307406127 -0.318300635 0.015626466 0.940249205 0.011571355 0.339931399
53.938910 -18.693471909 0.307833105 -0.424878180 0.014713129 0.940420568 0.013026296 0.339445114
54.042910 -18.606201172 0.307740182 -0.530999303 0.014944531 0.940440059 0.014494760 0.339321434
54.146780 -18.516225815 0.307579696 -0.642451763 0.017199906 0.940396726 0.016093876 0.339262605
54.250800 -18.429540634 0.308216929 -0.751579165 0.020791221 0.940279663 0.018010618 0.339289725
54.354660 -18.340057373 0.308637440 -0.858934939 0.021773435 0.940282941 0.020074399 0.339103043
54.458660 -18.249612808 0.309057504 -0.968023539 0.021937937 0.940271616 0.023426741 0.338908941
54.562530 -18.161043167 0.310832798 -1.076178312 0.022595547 0.940061629 0.026551610 0.339217603
54.666410 -18.072891235 0.311057776 -1.185549498 0.024148678 0.940074205 0.026662227 0.339067012
54.770420 -17.983398438 0.313196599 -1.290571690 0.023920560 0.940354824 0.022048889 0.338636130
54.874290 -17.895908356 0.314166725 -1.395120025 0.025543984 0.940602481 0.017967036 0.338070393
54.978530 -17.806745529 0.315351009 -1.497847438 0.025685921 0.940924525 0.016621128 0.337231368
55.082040 -17.721464157 0.313453346 -1.606165648 0.025967965 0.940860748 0.017992292 0.337317467
55.185920 -17.632987976 0.313241571 -1.709300756 0.026132582 0.941049099 0.019377954 0.336701959
55.290780 -17.545938492 0.312893718 -1.817281842 0.025448825 0.941158175 0.019817820 0.336423755
55.393730 -17.460723877 0.313284844 -1.924583793 0.023867220 0.941685617 0.019504743 0.335079312
55.497680 -17.374044418 0.313737571 -2.036119223 0.022897542 0.942689836 0.019165460 0.332331628
55.601700 -17.289840698 0.313551039 -2.131755352 0.021681050 0.944321394 0.019188713 0.327748209
55.705670 -17.208528519 0.315342247 -2.241938829 0.021946520 0.946153164 0.018739898 0.322430402
55.809690 -17.135190964 0.315793574 -2.342608929 0.022918120 0.948474884 0.019828442 0.315399826
55.913810 -17.056354523 0.314149052 -2.454771757 0.023211360 0.951202929 0.021525931 0.306937873
56.017930 -16.979890823 0.316700518 -2.566828966 0.024384074 0.954193830 0.023336861 0.297279328
56.122050 -16.908250809 0.319634080 -2.680184364 0.025156226 0.957726836 0.024114570 0.285560757
56.226190 -16.837308884 0.320135146 -2.799340248 0.026900247 0.961568296 0.024636885 0.272131920
56.330510 -16.772089005 0.325376570 -2.908775330 0.028448410 0.965837479 0.025469765 0.256320000
56.434670 -16.709007263 0.336556047 -3.028891325 0.030153856 0.969921947 0.025148295 0.240228578
56.538940 -16.651308060 0.330693632 -3.150619030 0.030940801 0.973678708 0.025695488 0.224348381
56.643030 -16.600463867 0.333438039 -3.273822546 0.032928597 0.977247775 0.021513339 0.208421901
56.747290 -16.553527832 0.333886772 -3.383248806 0.033848938 0.980704486 0.016915677 0.191798851
56.851430 -16.508596420 0.337083727 -3.501786947 0.032902330 0.983892381 0.013343353 0.175200224
56.955550 -16.466539383 0.335232019 -3.625703096 0.030120954 0.986675858 0.012867684 0.159367189
57.059650 -16.429874420 0.334354937 -3.750667810 0.029154312 0.988910735 0.012710840 0.145065427
57.163560 -16.396625519 0.335778892 -3.876718760 0.030144671 0.990681946 0.011988828 0.132275760
57.267470 -16.362970352 0.335671753 -4.002333164 0.031300280 0.992092252 0.011107521 0.121036634
57.371290 -16.338468552 0.337163895 -4.131631851 0.031034783 0.993160367 0.011810059 0.111936562
57.475150 -16.309961319 0.337018996 -4.263895512 0.029256031 0.994207025 0.014546975 0.102395877
57.579070 -16.286695480 0.338658601 -4.394791603 0.029540433 0.995087147 0.015779296 0.093166091
57.682930 -16.265771866 0.340608358 -4.527672768 0.029833006 0.995852709 0.015703550 0.084503114
57.786690 -16.244722366 0.343316674 -4.662949562 0.029331625 0.996557295 0.013283819 0.076398715
57.890570 -16.225183487 0.344152510 -4.795095444 0.030849487 0.997059464 0.011913978 0.069129042
57.994890 -16.208887100 0.347967923 -4.937045097 0.034054693 0.997270167 0.013518522 0.064107619
58.098070 -16.193126678 0.349797785 -5.075074673 0.036874089 0.997308433 0.018475167 0.060620606
58.201850 -16.176168442 0.353689939 -5.222748280 0.038173284 0.997272670 0.022822291 0.058899134
58.305440 -16.160429001 0.358424395 -5.364456177 0.037575796 0.997321188 0.022774709 0.058479581
58.409230 -16.141361237 0.360762835 -5.509942055 0.035654191 0.997455299 0.021650264 0.057818804
58.512810 -16.122650146 0.364925683 -5.658179283 0.032989316 0.997622490 0.019137599 0.057400130
58.616560 -16.102874756 0.368423045 -5.804201603 0.028821817 0.997794926 0.017645016 0.057125207
58.720450 -16.083816528 0.369441181 -5.951091766 0.026297580 0.997869968 0.018023085 0.056913413
58.824030 -16.067556381 0.375173509 -6.101390839 0.025371984 0.997842669 0.018794164 0.057558838
58.927820 -16.046110153 0.377240866 -6.255324841 0.024285696 0.997849822 0.019750880 0.057583615
59.031700 -16.028636932 0.381864309 -6.407156944 0.024277546 0.997793853 0.019786391 0.058536783
59.135420 -16.008358002 0.385273695 -6.564759731 0.022977468 0.997813165 0.019086728 0.058963146
59.239170 -15.990003586 0.388504356 -6.719078541 0.022480514 0.997812927 0.018075015 0.059474804
59.343070 -15.969093323 0.391422629 -6.876832485 0.021380832 0.997842610 0.017158922 0.059653524
59.446780 -15.951203346 0.394934922 -7.033813953 0.020155828 0.997856438 0.016389744 0.060063537
59.550680 -15.930305481 0.396965742 -7.194373608 0.018813305 0.997927785 0.016546348 0.059265524
59.654550 -15.908755302 0.398022354 -7.355350018 0.017539909 0.998019099 0.017055118 0.057959918
59.758420 -15.891135216 0.402723938 -7.517637730 0.018497070 0.998032987 0.016808908 0.057493579
59.862460 -15.871121407 0.404464096 -7.677842140 0.016756648 0.998103499 0.017149357 0.056697048
59.965990 -15.852442741 0.407247901 -7.837053299 0.017028060 0.998123169 0.018180337 0.055943035
60.069690 -15.832681656 0.410881251 -7.996035099 0.016490331 0.998139381 0.018957820 0.055555649
60.173450 -15.813626289 0.413100630 -8.154712677 0.015778039 0.998167396 0.020003960 0.054887958
60.277190 -15.797115326 0.415752977 -8.313726425 0.015123853 0.998206735 0.019297985 0.054609366
60.381050 -15.775883675 0.419645339 -8.466999054 0.015269667 0.998283565 0.017738430 0.053685319
60.484800 -15.760841370 0.423324764 -8.621811867 0.015367076 0.998301268 0.016658247 0.053674284
60.588540 -15.742331505 0.422696680 -8.778907776 0.014598723 0.998341203 0.017465733 0.052884150
60.692600 -15.723167419 0.425695360 -8.938494682 0.014535432 0.998386264 0.017872497 0.051905088
60.797000 -15.706617355 0.428625554 -9.092730522 0.013548542 0.998453319 0.018791359 0.050539445
60.900200 -15.690657616 0.430549562 -9.252557755 0.013818043 0.998515666 0.018572807 0.049301229
61.003920 -15.673864365 0.432863265 -9.406862259 0.013406253 0.998611391 0.018034281 0.047648381
61.107700 -15.659877777 0.435174108 -9.561410904 0.012596851 0.998693466 0.017604569 0.046289783
61.211580 -15.644893646 0.437508643 -9.717489243 0.013176684 0.998712301 0.018783530 0.045246780
61.315290 -15.630662918 0.441121489 -9.870464325 0.012274956 0.998798251 0.019000988 0.043477442
61.419200 -15.619145393 0.444928855 -10.020897865 0.013132080 0.998821855 0.019456644 0.042471692
61.522950 -15.608340263 0.448569864 -10.175713539 0.014017330 0.998842418 0.019501213 0.041678306
61.626790 -15.593008041 0.449609399 -10.325441360 0.013240506 0.998924494 0.019462802 0.039946120
61.730990 -15.580182076 0.451292038 -10.476977348 0.013703666 0.998960376 0.019157663 0.039030083
61.834510 -15.567655563 0.453384727 -10.627485275 0.013591241 0.998994946 0.019127710 0.038189866
61.938390 -15.557575226 0.457973212 -10.777482986 0.012591925 0.999022126 0.019344900 0.037709314
62.042070 -15.546818733 0.461986005 -10.927997589 0.012410046 0.999051034 0.018287836 0.037531696
62.145930 -15.536263466 0.463404119 -11.077883720 0.012785967 0.999094367 0.016028568 0.037283368
62.249910 -15.524738312 0.465618372 -11.217236519 0.011660174 0.999129891 0.014922218 0.037159823
62.353660 -15.516143799 0.468188137 -11.366293907 0.011972657 0.999113798 0.014211682 0.037766151
62.457420 -15.494597435 0.470007181 -11.513742447 0.011976166 0.999138057 0.014731773 0.036914185
62.561290 -15.492019653 0.472602010 -11.658428192 0.013160341 0.999071836 0.015127647 0.038123935
62.665290 -15.485197067 0.476612687 -11.804809570 0.014457490 0.999007344 0.015377570 0.039227437
62.769050 -15.473206520 0.476574183 -11.953109741 0.014419390 0.998987377 0.016078314 0.039469283
62.872800 -15.457202911 0.477228165 -12.095326424 0.014353630 0.998978376 0.016647384 0.039484490
62.976670 -15.445852280 0.479263037 -12.239360809 0.014084468 0.998964071 0.016702356 0.039918859
63.080660 -15.435595512 0.482527673 -12.385310173 0.014048243 0.998959422 0.015902700 0.040370923
63.184460 -15.420503616 0.482769072 -12.528779984 0.014797499 0.998923540 0.015502400 0.041139919
63.288240 -15.409800529 0.485696644 -12.673837662 0.014957102 0.998858213 0.014724933 0.042915873
63.392070 -15.398281097 0.486332536 -12.819072723 0.014467436 0.998800457 0.014697659 0.044411294
63.495820 -15.378046989 0.488220900 -12.960157394 0.014332985 0.998782814 0.013813434 0.045128923
63.599720 -15.363490105 0.488289714 -13.099800110 0.014656776 0.998747230 0.013476503 0.045907766
63.703640 -15.350456238 0.488295496 -13.240140915 0.014806482 0.998696268 0.013678052 0.046897683
63.807440 -15.336263657 0.488591313 -13.382055283 0.014074743 0.998685598 0.014882321 0.046983328
63.911420 -15.318897247 0.487341464 -13.501676559 0.012920026 0.998722136 0.016268535 0.046070103
64.015770 -15.302309036 0.489900500 -13.633351326 0.012775475 0.998747945 0.016691085 0.045395691
64.119460 -15.286422729 0.488361686 -13.758358955 0.011891500 0.998792887 0.017075850 0.044495132
64.223410 -15.280838013 0.493370146 -13.894959450 0.011060125 0.998836458 0.016515028 0.043939337
64.327430 -15.265501976 0.493123621 -14.015312195 0.010588841 0.998934567 0.016841400 0.041640796
64.431450 -15.260587692 0.496337980 -14.146603584 0.011138311 0.999023557 0.016638441 0.039382972
64.535560 -15.251984596 0.497514904 -14.267690659 0.011521131 0.999151289 0.016718114 0.035839345
64.639590 -15.248249054 0.500226259 -14.387433052 0.012548813 0.999258399 0.016880151 0.032253329
64.743580 -15.243169785 0.500614822 -14.502791405 0.013567362 0.999347031 0.017614892 0.028480845
64.847590 -15.234674454 0.501595914 -14.614389420 0.015460744 0.999427259 0.017919188 0.024187002
64.951550 -15.228478432 0.503613710 -14.722929001 0.016283732 0.999499500 0.018102095 0.020195952
65.055500 -15.229263306 0.502611399 -14.833361626 0.016965229 0.999536276 0.018828634 0.016878506
65.159520 -15.220058441 0.506143093 -14.932671547 0.017376250 0.999601245 0.018366050 0.012573229
65.263460 -15.221511841 0.504776955 -15.031490326 0.018104905 0.999617815 0.018524926 0.009660469
65.367480 -15.222320557 0.506539106 -15.116456032 0.018610444 0.999637067 0.018185588 0.006972321
65.471470 -15.223814011 0.507292807 -15.205883980 0.019156903 0.999643385 0.018032204 0.004572011
65.575320 -15.224602699 0.508661091 -15.290253639 0.020585246 0.999631047 0.017587377 0.002179293
65.679310 -15.225480080 0.509429097 -15.369566917 0.020604592 0.999617517 0.018445699 -0.000170969
65.783300 -15.226233482 0.511166692 -15.447195053 0.020682544 0.999596715 0.019351399 -0.002060486
65.887300 -15.222789764 0.511895418 -15.520524979 0.021180497 0.999569476 0.019775514 -0.004610512
65.991170 -15.224958420 0.510059476 -15.590115547 0.020912094 0.999551117 0.020558693 -0.006133162
66.095340 -15.224273682 0.511363506 -15.648372650 0.021546289 0.999515355 0.021194400 -0.007459267
66.199080 -15.226306915 0.511945128 -15.702229500 0.022913048 0.999480009 0.021258874 -0.007924784
66.303070 -15.227849960 0.514380991 -15.764960289 0.024039287 0.999446750 0.021036280 -0.009260985
66.407050 -15.229329109 0.515385687 -15.815356255 0.023621835 0.999433994 0.021986309 -0.009499437
66.512930 -15.230862617 0.516866267 -15.861026764 0.023141054 0.999454498 0.021760758 -0.009038790
66.614800 -15.227296829 0.515426219 -15.898244858 0.021780541 0.999484897 0.021683166 -0.009239122
66.718800 -15.229000092 0.507996738 -15.936930656 0.019448036 0.999536574 0.022075074 -0.007817907
66.824140 -15.228370667 0.514273942 -15.974120140 0.019223094 0.999568999 0.021181952 -0.006600615
66.926760 -15.231319427 0.517669737 -15.998575211 0.019964337 0.999577522 0.020483872 -0.005158531
67.031610 -15.232469559 0.518181443 -16.027038574 0.020030871 0.999607444 0.019254787 -0.003600982
67.134650 -15.231250763 0.518620074 -16.056327820 0.020238677 0.999625623 0.018256882 -0.002398342
67.238470 -15.232058525 0.519549847 -16.083488464 0.020725515 0.999622464 0.018010555 -0.000994232
67.342520 -15.232613564 0.520686448 -16.111034393 0.020394184 0.999620199 0.018527960 0.000488403
67.446480 -15.231537819 0.519527555 -16.134546280 0.019353677 0.999632835 0.018872119 0.001850106
67.550330 -15.229600906 0.523656428 -16.157611847 0.018663123 0.999660790 0.017891522 0.003153717
67.654290 -15.229754448 0.520799160 -16.179178238 0.018916300 0.999644578 0.018050458 0.005205195
67.758210 -15.230531693 0.522313118 -16.198165894 0.019524273 0.999627292 0.017456165 0.007704493
67.862190 -15.230312347 0.520325005 -16.215793610 0.019707208 0.999591947 0.017764123 0.010582199
67.966080 -15.228883743 0.523758352 -16.233600616 0.019260341 0.999571025 0.017171791 0.013855284
68.070190 -15.230113029 0.524063587 -16.250938416 0.018171379 0.999518156 0.017104244 0.018457761
68.173980 -15.220588684 0.524583399 -16.265390396 0.016731707 0.999506295 0.016952341 0.020489682
68.277930 -15.218338966 0.524811566 -16.277383804 0.016237836 0.999428272 0.017485976 0.023952192
68.381800 -15.216720581 0.523799658 -16.289817810 0.015509051 0.999348044 0.017849112 0.027283827
68.485930 -15.217633247 0.523100019 -16.299392700 0.015293838 0.999270976 0.018103141 0.029931687
68.589980 -15.214570999 0.523978949 -16.306308746 0.015475811 0.999220610 0.017609198 0.031757873
68.693970 -15.213223457 0.524856746 -16.312047958 0.015351301 0.999176085 0.017305130 0.033346910
68.797970 -15.215459824 0.524040401 -16.314693451 0.015582298 0.999103010 0.017373258 0.035335325
68.902060 -15.214373589 0.523244023 -16.316518784 0.015311341 0.999075472 0.017288579 0.036261946
69.006040 -15.214988708 0.523657262 -16.318885803 0.015078387 0.999062240 0.017329369 0.036700826
69.110830 -15.213922501 0.523030043 -16.317850113 0.015185247 0.999069214 0.017430292 0.036419183
69.214230 -15.213852882 0.523176551 -16.316125870 0.015484634 0.999072313 0.017099163 0.036363896
69.318190 -15.214588165 0.523545563 -16.316579819 0.015766976 0.999070525 0.016330212 0.036644608
69.422330 -15.214064598 0.523718655 -16.317140579 0.015668007 0.999084413 0.016132629 0.036394484
69.526320 -15.213918686 0.523606241 -16.318162918 0.015446682 0.999078989 0.016319184 0.036554534
69.630320 -15.214291573 0.522611499 -16.317483902 0.015521565 0.999074280 0.016231287 0.036689937
69.734330 -15.211206436 0.523048580 -16.318645477 0.015487917 0.999111712 0.016237685 0.035668906
69.838430 -15.211441994 0.524323761 -16.317625046 0.015595680 0.999108195 0.016189851 0.035741407
69.943310 -15.212602615 0.524871349 -16.317550659 0.015527295 0.999110222 0.015859848 0.035862271
70.047250 -15.213204384 0.524537206 -16.317329407 0.015614352 0.999098659 0.015979685 0.036092412
70.150510 -15.212616920 0.523775756 -16.317008972 0.015520611 0.999099553 0.016190529 0.036013756
70.254450 -15.212743759 0.524697423 -16.317096710 0.015610849 0.999103427 0.015917843 0.035989348
70.358440 -15.212739944 0.523218811 -16.316867828 0.015524733 0.999098837 0.016195832 0.036030203
70.462450 -15.213133812 0.523387074 -16.316566467 0.015552849 0.999092340 0.016146654 0.036220368
70.566450 -15.214958191 0.522896469 -16.317373276 0.015651651 0.999056339 0.016288051 0.037096221
70.670640 -15.216624260 0.523399293 -16.317380905 0.015602129 0.999047935 0.016204095 0.037379500
70.774540 -15.215938568 0.522411466 -16.317632675 0.015605303 0.999044716 0.016397098 0.037379667
70.878550 -15.215906143 0.523486555 -16.317041397 0.015816852 0.999041736 0.016206279 0.037454635
70.982540 -15.214859962 0.523571849 -16.317325592 0.015748139 0.999046683 0.016152518 0.037373502
71.086680 -15.213675499 0.523366451 -16.317564011 0.015706915 0.999069393 0.016168106 0.036772262
71.190680 -15.214554787 0.522522211 -16.317203522 0.015977912 0.999028563 0.016476659 0.037618306
71.294670 -15.213624001 0.523655534 -16.318843842 0.015935468 0.999052405 0.016131097 0.037150413
71.398790 -15.212852478 0.524022639 -16.317550659 0.016131766 0.999024153 0.016017992 0.037867155
71.503010 -15.214411736 0.524137437 -16.317922592 0.016307419 0.999006093 0.016065683 0.038245343
71.606920 -15.213414192 0.523872852 -16.318178177 0.016264908 0.999010623 0.016111150 0.038126066
71.710990 -15.213225365 0.524391234 -16.318449020 0.016316187 0.999033570 0.016012104 0.037540946
71.817720 -15.214469910 0.524819851 -16.317962646 0.016371064 0.999019802 0.015940808 0.037912216
71.918960 -15.214368820 0.526182532 -16.318126678 0.016249787 0.999028981 0.015644552 0.037845455
72.023080 -15.213666916 0.526067853 -16.318002701 0.016339837 0.999025166 0.015650662 0.037905011
72.127050 -15.214182854 0.525430858 -16.317443848 0.016426213 0.999015272 0.015823467 0.038055960
72.231970 -15.210797310 0.524461210 -16.317182541 0.016354788 0.999033093 0.015989158 0.037545785
72.335120 -15.212064743 0.522105634 -16.317546844 0.016223023 0.999014974 0.016471732 0.037875995
72.439200 -15.215530396 0.521884561 -16.316995621 0.016402831 0.998971343 0.016558008 0.038897954
72.543190 -15.214013100 0.523006082 -16.317310333 0.016322328 0.998984456 0.016299577 0.038703024
72.647200 -15.215071678 0.523153186 -16.317386627 0.016513787 0.998970985 0.016272360 0.038979854
72.751200 -15.214286804 0.522613168 -16.317352295 0.016586075 0.998969376 0.016464686 0.038910110
72.855180 -15.214378357 0.522606730 -16.317344666 0.016517475 0.998966515 0.016391294 0.039043684
72.959210 -15.214118958 0.523077130 -16.317226410 0.016517771 0.998967171 0.016264334 0.039079659
73.063300 -15.213891983 0.523430049 -16.317750931 0.016627833 0.998966157 0.016257670 0.039061140
73.167460 -15.215627670 0.522572279 -16.317777634 0.016678246 0.998945713 0.016437741 0.039485186
73.271730 -15.213475227 0.522713840 -16.317832947 0.016555933 0.998965740 0.016354369 0.039062139
73.375310 -15.212432861 0.522562921 -16.318269730 0.016534587 0.998969436 0.016404057 0.038955819
73.479440 -15.213130951 0.524159551 -16.317796707 0.016712036 0.998969436 0.016117014 0.038999930
73.583460 -15.214167595 0.522715032 -16.317596436 0.016484477 0.998962700 0.016367745 0.039164431
73.687600 -15.213162422 0.523344576 -16.317850113 0.016601620 0.998967350 0.016251262 0.039045632
73.791560 -15.214563370 0.522988439 -16.317731857 0.016624555 0.998957694 0.016347047 0.039241619
73.895660 -15.213724136 0.522724748 -16.318086624 0.016562402 0.998960018 0.016391512 0.039190225
73.999560 -15.214321136 0.523318172 -16.317995071 0.016581275 0.998961270 0.016273117 0.039199736
74.103680 -15.214498520 0.522774220 -16.317258835 0.016560048 0.998958945 0.016392693 0.039218392
74.207700 -15.214173317 0.523054361 -16.317781448 0.016557651 0.998962283 0.016311081 0.039168850
74.311710 -15.214376450 0.523519874 -16.317562103 0.016580483 0.998962104 0.016184270 0.039215691
74.415680 -15.214342117 0.523476243 -16.317785263 0.016524866 0.998961866 0.016208803 0.039235357
74.519800 -15.213012695 0.523776412 -16.317842484 0.016576624 0.998977423 0.016101643 0.038859367
74.623890 -15.214380264 0.523230970 -16.317295074 0.016540803 0.998900712 0.015893806 0.040880214
74.727840 -15.214090347 0.523838222 -16.318977356 0.016284095 0.998867214 0.015695518 0.041866656
74.831850 -15.212852478 0.522931159 -16.319765091 0.016035777 0.998809397 0.015713835 0.043310158
74.935850 -15.212724686 0.523873150 -16.323070526 0.016328564 0.998687565 0.015563398 0.045982115
75.039850 -15.210726738 0.523558676 -16.327163696 0.016165484 0.998561800 0.015611744 0.048675355
75.143810 -15.208675385 0.524219453 -16.329790115 0.016074149 0.998409271 0.015564658 0.051752407
75.247810 -15.207648277 0.522983730 -16.333047867 0.015880974 0.998194456 0.015831484 0.055722728
75.351710 -15.205500603 0.524190664 -16.339136124 0.015703334 0.997927666 0.015484628 0.060447834
75.455730 -15.202057838 0.524421155 -16.342515945 0.015597992 0.997648120 0.015388522 0.064946696
75.559590 -15.197606087 0.523940682 -16.348028183 0.015390933 0.997304976 0.015502758 0.070040010
75.663570 -15.195216179 0.524510086 -16.353612900 0.015262350 0.996877611 0.015316126 0.075943932
75.767480 -15.191314697 0.524372578 -16.361043930 0.015062707 0.996407390 0.015249143 0.081932373
75.871360 -15.188760757 0.522590876 -16.367414474 0.015210362 0.995792091 0.015268934 0.089071073
75.975180 -15.185314178 0.523592830 -16.376226425 0.014884025 0.995047033 0.014089457 0.097269513
76.079100 -15.180510521 0.523365140 -16.386920929 0.014380062 0.994169891 0.013023749 0.106065318
76.182950 -15.174011230 0.523082495 -16.400318146 0.013793445 0.993185997 0.012632423 0.115029469
76.286810 -15.167167664 0.523712754 -16.416053772 0.013473927 0.992073298 0.012967087 0.124261245
76.390670 -15.159708977 0.524244070 -16.434528351 0.014081968 0.990790069 0.013553450 0.133988976
76.495070 -15.150563240 0.524369538 -16.454286575 0.014654456 0.989285946 0.014239077 0.144553989
76.598340 -15.139327049 0.523669600 -16.475782394 0.014414603 0.987548709 0.015140423 0.155918315
76.702070 -15.126621246 0.524502516 -16.498357773 0.013440997 0.985578120 0.016334821 0.167893663
76.805830 -15.114457130 0.525141239 -16.523189545 0.013395965 0.983301163 0.017324802 0.180663258
76.909690 -15.098003387 0.524949729 -16.545488358 0.014075777 0.980976641 0.017903652 0.192785323
77.013440 -15.085308075 0.524720609 -16.567024231 0.014672778 0.978136778 0.019261271 0.206547990
77.117090 -15.070185661 0.526592076 -16.592100143 0.015146285 0.974758327 0.020594768 0.221794114
77.220840 -15.049577713 0.525879920 -16.620189667 0.015437528 0.970860779 0.021474613 0.238180265
77.324460 -15.029133797 0.527211010 -16.646228790 0.015975319 0.966184020 0.020939229 0.256504864
77.428190 -15.005899429 0.528057456 -16.678863525 0.015546552 0.960510850 0.019778045 0.277103007
77.531820 -14.981660843 0.524540842 -16.707498550 0.013744631 0.954002619 0.019064249 0.298875600
77.635430 -14.947222710 0.530299008 -16.740018845 0.014274280 0.946593940 0.017209506 0.321651906
77.739080 -14.917807579 0.527963281 -16.772558212 0.016490839 0.937509477 0.017147666 0.347145528
77.842690 -14.878028870 0.529331803 -16.808195114 0.018842204 0.927829623 0.015907055 0.372188359
77.946530 -14.832417488 0.529820442 -16.846603394 0.019218173 0.917550564 0.014407840 0.396892995
78.050250 -14.777975082 0.529587448 -16.885326385 0.019092169 0.906842828 0.014113841 0.420799673
78.153970 -14.721184731 0.531988800 -16.920654297 0.020195520 0.895332932 0.013872335 0.444723070
78.257840 -14.656042099 0.531947970 -16.956476212 0.020431373 0.883309364 0.014927410 0.468107104
78.361560 -14.586502075 0.530435741 -16.991859436 0.019630505 0.870559037 0.016500067 0.491395295
78.465430 -14.513398170 0.532447338 -17.027276993 0.019424267 0.856601536 0.018513542 0.515280187
78.569310 -14.434298515 0.531765938 -17.060688019 0.019938188 0.841975093 0.021724802 0.538709939
78.673060 -14.350443840 0.533152223 -17.088855743 0.020596297 0.826716244 0.023922741 0.561732829
78.776930 -14.260795593 0.532856107 -17.113498688 0.019847244 0.811316669 0.025530372 0.583711922
78.880800 -14.165850639 0.532950461 -17.136507034 0.020293854 0.795462310 0.027594158 0.605034292
78.984860 -14.065128326 0.534899116 -17.156841278 0.020671578 0.779753089 0.028169660 0.625111401
79.088830 -13.961898804 0.534006238 -17.170461655 0.022145336 0.765029252 0.029095106 0.642956734
79.192960 -13.853098869 0.534436584 -17.182495117 0.022945883 0.751795292 0.028200086 0.658393562
79.297060 -13.738671303 0.535130382 -17.190364838 0.022905419 0.740479410 0.026941679 0.671148062
79.401310 -13.619331360 0.534591913 -17.195871353 0.023463963 0.731424809 0.025259076 0.681050122
79.505690 -13.495806694 0.534374535 -17.199169159 0.024275173 0.723971725 0.024411827 0.688970089
79.610070 -13.368268967 0.534104526 -17.202806473 0.024627116 0.717964113 0.024058072 0.695228219
79.714470 -13.234808922 0.533420801 -17.204408646 0.026089221 0.712737381 0.024069911 0.700532198
79.818800 -13.100953102 0.530459106 -17.201189041 0.027424850 0.708135843 0.023951102 0.705136776
79.923050 -12.961047173 0.529144228 -17.199697495 0.029085290 0.702811003 0.022666631 0.710420251
80.027420 -12.821240425 0.526707053 -17.192127228 0.030395996 0.698103189 0.021449320 0.715030015
80.131680 -12.672210693 0.523153067 -17.187410355 0.029344806 0.693405092 0.019944644 0.719673872
80.235930 -12.522591591 0.520383298 -17.178504944 0.027989866 0.690166771 0.018039823 0.722883821
80.340300 -12.367030144 0.516974330 -17.169071198 0.026629228 0.688278019 0.016724110 0.724765182
80.444550 -12.211185455 0.514506459 -17.157558441 0.026092717 0.687685311 0.015556219 0.725373089
80.548940 -12.051967621 0.509786963 -17.150543213 0.025315329 0.687136590 0.015882326 0.725913346
80.653190 -11.886383057 0.508996904 -17.142478943 0.025379062 0.686769426 0.016172260 0.726252079
80.757320 -11.718422890 0.505252421 -17.133155823 0.025372917 0.685757995 0.016407911 0.727202117
80.861430 -11.553857803 0.498157501 -17.121618271 0.025540499 0.683821142 0.017467510 0.728993237
80.965550 -11.379954338 0.496986806 -17.111255646 0.025927113 0.682012260 0.016578877 0.730692983
81.069680 -11.202402115 0.493508935 -17.095447540 0.025781345 0.680563748 0.016340049 0.732052803
81.173790 -11.027124405 0.488347083 -17.083173752 0.025536707 0.678475857 0.016663307 0.733989596
81.277810 -10.843560219 0.484286845 -17.066537857 0.024900321 0.676729202 0.017322972 0.735606849
81.381810 -10.658613205 0.481241375 -17.050975800 0.024288272 0.674797118 0.019232670 0.737352729
81.485930 -10.475622177 0.476896286 -17.034914017 0.023706397 0.673037291 0.020173836 0.738953173
81.589930 -10.288735390 0.474911153 -17.012500763 0.023828132 0.672781646 0.019653287 0.739196062
81.694050 -10.102936745 0.470326662 -16.997512817 0.023748521 0.672565520 0.018461762 0.739425957
81.798060 -9.905040741 0.467039466 -16.977754593 0.023926629 0.673149526 0.018348327 0.738891423
81.902180 -9.711896896 0.463162273 -16.958501816 0.023714397 0.673589766 0.019638138 0.738463759
82.006180 -9.516246796 0.458755493 -16.940519333 0.023217754 0.674099624 0.020597769 0.737988055
82.110180 -9.321471214 0.452711225 -16.922510147 0.022926221 0.673880994 0.021891385 0.738159597
82.214180 -9.129337311 0.446043074 -16.902954102 0.022041157 0.674556613 0.022470402 0.737551808
82.318180 -8.938464165 0.444789290 -16.888147354 0.022806235 0.674374104 0.022118647 0.737706065
82.422200 -8.748644829 0.436866254 -16.870841980 0.022443328 0.674471915 0.021560611 0.737644255
82.526180 -8.555397987 0.432350934 -16.853181839 0.023219610 0.674665928 0.020733504 0.737466514
82.630180 -8.366441727 0.425113946 -16.840074539 0.023572924 0.674626648 0.021211704 0.737477660
82.734050 -8.173283577 0.418519765 -16.820251465 0.021044526 0.675265193 0.021272767 0.736967802
82.838070 -7.982716084 0.419124246 -16.799970627 0.021998437 0.675504148 0.022260625 0.736691713
82.942060 -7.796237469 0.404374123 -16.783987045 0.020742655 0.675517321 0.022649560 0.736704171
83.046050 -7.602349281 0.405193448 -16.763854980 0.022784323 0.676013827 0.021714795 0.736216426
83.149930 -7.414087296 0.403286010 -16.739631653 0.023814673 0.676885843 0.020802496 0.735408485
83.253960 -7.222906590 0.403254032 -16.733898163 0.022849001 0.675835252 0.020947199 0.736400604
83.357930 -7.031899929 0.399170041 -16.712203979 0.021659704 0.676521778 0.021871492 0.735779047
83.461930 -6.841868401 0.392223477 -16.690296173 0.019880846 0.677441120 0.022525029 0.734963238
83.565930 -6.654949665 0.389123380 -16.684339523 0.019818572 0.676419020 0.021249954 0.735943615
83.669810 -6.467212200 0.385448605 -16.669086456 0.020092344 0.676370382 0.020248495 0.736009181
83.773690 -6.280001640 0.379776090 -16.650152206 0.020566009 0.676603377 0.020704048 0.735769153
83.877560 -6.094780445 0.376524299 -16.635465622 0.019923167 0.676392138 0.020446053 0.735988259
83.981560 -5.895674229 0.374092907 -16.618234634 0.019002307 0.676974416 0.020386722 0.735478640
84.085580 -5.703382969 0.376104206 -16.593685150 0.019662796 0.677672744 0.019755123 0.734835207
84.189660 -5.523205757 0.365110368 -16.588905334 0.020817701 0.677061260 0.020693270 0.735341072
84.293370 -5.336112499 0.358886123 -16.575181961 0.022162946 0.676345587 0.021689437 0.735931396
84.397140 -5.155452728 0.356502444 -16.556758881 0.023594044 0.676035106 0.022948116 0.736133993
84.500970 -4.973743916 0.350152910 -16.541250229 0.022556378 0.674668193 0.023065487 0.737415791
84.604690 -4.794544697 0.347282916 -16.522434235 0.022726348 0.673924029 0.023757041 0.738068819
84.708560 -4.594385147 0.349073946 -16.508886337 0.021745071 0.672838569 0.021638235 0.739153028
84.812320 -4.413669109 0.345476687 -16.492441177 0.021861479 0.671410322 0.020655133 0.740475297
84.916060 -4.235801220 0.332581341 -16.478603363 0.021902524 0.669711590 0.021083379 0.741998732
85.020090 -4.074274540 0.332447827 -16.452508926 0.021103231 0.669725835 0.019908970 0.742041469
85.123720 -3.890377283 0.331075549 -16.436332703 0.021208728 0.668707669 0.019752163 0.742960334
85.227440 -3.726860762 0.324574739 -16.411870956 0.019978851 0.668578804 0.019777149 0.743109763
85.331180 -3.555419445 0.318383783 -16.389995575 0.019480802 0.668039680 0.020431606 0.743589938
85.435100 -3.377988100 0.319680095 -16.367729187 0.019801065 0.667681813 0.020015035 0.743914127
108.093000 -0.010665286 0.010810087 -0.475247711 0.001144240 -0.051874891 -0.009013489 0.998612285
108.509100 -0.015328679 0.007757973 -0.408370435 0.001172828 -0.044093102 -0.008869209 0.998987377
108.613000 -0.010414547 0.007858272 -0.384579390 0.002199010 -0.043125577 -0.009560557 0.999021471
108.717000 -0.016056940 0.006853303 -0.368606150 0.002987196 -0.039998226 -0.008972824 0.999155045
108.821000 -0.016148390 0.006670110 -0.348598927 0.002991700 -0.037775863 -0.008575944 0.999244928
108.925000 -0.019038964 0.007480306 -0.326796502 0.003011214 -0.035265084 -0.008231073 0.999339581
109.028800 -0.018089727 0.005031097 -0.306234926 0.002477625 -0.033102505 -0.007890251 0.999417782
109.132800 -0.018098865 0.005046643 -0.283739835 0.002190791 -0.031106358 -0.006789008 0.999490619
109.236800 -0.017886454 0.004703239 -0.257961512 0.001486475 -0.028576691 -0.006471317 0.999569535
109.340700 -0.018842857 0.004147248 -0.231361449 0.000896061 -0.025990587 -0.005655905 0.999645770
109.444700 -0.020290066 0.004028563 -0.204975590 0.000785757 -0.023573536 -0.005644590 0.999705851
109.548600 -0.017713970 0.003475522 -0.182602718 0.000380417 -0.022040270 -0.005366420 0.999742627
109.652600 -0.018861150 0.003147437 -0.155304730 -0.000064258 -0.019775787 -0.005460009 0.999789536
109.756500 -0.019219490 0.003143342 -0.127583802 -0.000472405 -0.017775889 -0.004919414 0.999829769
109.860500 -0.019933388 0.001896712 -0.097231619 -0.000905867 -0.015978884 -0.003794787 0.999864697
109.964400 -0.020363828 0.001146419 -0.067546181 -0.000138678 -0.014669245 -0.002829798 0.999888420
110.068200 -0.020430427 0.000169347 -0.037601087 0.000972276 -0.013971883 -0.002206911 0.999899507
110.172100 -0.021438560 0.000187328 -0.005533259 0.002264718 -0.013306118 -0.002868221 0.999904811
110.276000 -0.021671563 -0.000135639 0.026118653 0.002261995 -0.012032339 -0.004700908 0.999913990
110.380000 -0.022812258 -0.000353676 0.059067369 0.001720250 -0.009054183 -0.007172557 0.999931812
110.484000 -0.023128215 -0.001088212 0.093121283 0.001129887 -0.004887549 -0.005763231 0.999970794
110.587800 -0.019884652 -0.001565405 0.126047537 0.001196059 -0.001634818 -0.001405820 0.999996960
110.691700 -0.018222960 -0.002915137 0.157916859 0.002575608 0.000107264 0.003026849 0.999992073
110.795600 -0.018280806 -0.004320616 0.189999059 0.004124880 -0.001788506 0.004583637 0.999979377
110.899200 -0.021318763 -0.005430378 0.221937418 0.005282769 -0.007180687 0.002550579 0.999957025
111.002900 -0.023739822 -0.005846753 0.252863258 0.007226458 -0.015612642 -0.000242211 0.999852002
111.106600 -0.026602956 -0.006755844 0.283349097 0.008650008 -0.024682319 -0.003857477 0.999650478
111.210200 -0.030355556 -0.007400398 0.314539343 0.009391411 -0.034290530 -0.003915612 0.999360144
111.314000 -0.032802891 -0.008663905 0.344401449 0.008894977 -0.046167966 -0.002276178 0.998891473
111.417700 -0.037958480 -0.009426008 0.374690086 0.006032201 -0.058124971 -0.002702479 0.998287439
111.521300 -0.043377098 -0.010912073 0.403463602 0.002706298 -0.071097657 -0.005308111 0.997451544
111.625100 -0.052804619 -0.010903186 0.433538735 0.000976404 -0.083925352 -0.007748852 0.996441424
111.728700 -0.061084725 -0.011402071 0.462683320 0.000026383 -0.096848801 -0.009041240 0.995258033
111.832500 -0.068653852 -0.011748579 0.490296155 -0.001510145 -0.108911946 -0.009500821 0.994004846
111.936400 -0.077655099 -0.012441153 0.519415319 -0.003022071 -0.119110726 -0.009760810 0.992828429
112.040200 -0.085187726 -0.013303861 0.546083868 -0.004778179 -0.126169279 -0.011767779 0.991927385
112.144200 -0.093933791 -0.014096921 0.573260903 -0.006312399 -0.129968062 -0.015969072 0.991369486
112.248300 -0.102025069 -0.013677100 0.600983620 -0.007324012 -0.130914554 -0.017575031 0.991210818
112.352500 -0.110444635 -0.013616203 0.630102515 -0.007455495 -0.128370985 -0.017917391 0.991536319
112.456700 -0.116609305 -0.014012372 0.657513142 -0.007520980 -0.124528065 -0.016650131 0.992047846
112.561000 -0.121540539 -0.014242508 0.682850778 -0.009211715 -0.120296545 -0.013968448 0.992596984
112.665100 -0.125549868 -0.013884421 0.705335498 -0.010270210 -0.115422122 -0.012923400 0.993179381
112.769200 -0.128455669 -0.013833746 0.724957585 -0.010956141 -0.110399649 -0.012942121 0.993742585
112.873300 -0.132629424 -0.014197036 0.742959082 -0.010905607 -0.105506465 -0.013645194 0.994265199
112.977500 -0.134231791 -0.014248951 0.756254196 -0.010373957 -0.100724675 -0.013208119 0.994772553
113.081600 -0.134842783 -0.014296299 0.766537845 -0.009834429 -0.096959375 -0.011681288 0.995171189
113.185700 -0.136331886 -0.014637168 0.774496853 -0.009504907 -0.094137214 -0.011302836 0.995449662
113.289700 -0.136747003 -0.014709114 0.779247403 -0.009001695 -0.092409283 -0.011575654 0.995613158
113.393700 -0.136416689 -0.014546814 0.780718148 -0.008324844 -0.091621801 -0.011551698 0.995692074
113.497700 -0.137452826 -0.014651216 0.781486452 -0.008250272 -0.091574199 -0.011651652 0.995695889
113.601700 -0.136775717 -0.015198105 0.780584037 -0.007355180 -0.092032835 -0.011977751 0.995656788
113.705700 -0.136545897 -0.015728537 0.778850138 -0.004618172 -0.091677189 -0.012053430 0.995705128
113.809700 -0.136621192 -0.015806299 0.779306948 -0.003184373 -0.091987118 -0.011952292 0.995683372
113.913600 -0.136836603 -0.015747180 0.779200613 -0.003852789 -0.091800667 -0.011741958 0.995700717
114.017600 -0.136733234 -0.015508232 0.779225528 -0.004178337 -0.091822349 -0.011685046 0.995698094
114.121600 -0.136627242 -0.015779292 0.779229343 -0.004374719 -0.091923811 -0.011823378 0.995686233
114.225600 -0.136717469 -0.015543354 0.779201269 -0.004621107 -0.091780491 -0.011787970 0.995698750
114.329600 -0.136669636 -0.015510634 0.779168189 -0.004526163 -0.091804303 -0.011916684 0.995695472
