69.829070 -0.001691289 -0.000095966 0.053617585 -0.000634333 -0.006464044 -0.000268313 0.999978840
69.932840 -0.003580051 -0.000282241 0.108871073 -0.001629949 -0.012102295 -0.000708321 0.999925196
70.036720 -0.006115899 -0.000647239 0.165468559 -0.003001390 -0.016552074 -0.001211959 0.999857783
70.140570 -0.009445242 -0.000636499 0.222906247 -0.003881525 -0.020005759 -0.001651488 0.999790967
70.244320 -0.012445984 -0.001117275 0.281873465 -0.004191265 -0.022896565 -0.001946789 0.999727190
70.348200 -0.016845345 -0.001237231 0.341828406 -0.004539606 -0.024725512 -0.002565390 0.999680698
70.451940 -0.020595713 -0.001217210 0.403652042 -0.004667056 -0.026455622 -0.003164893 0.999634087
70.555820 -0.024461651 -0.001178877 0.466553777 -0.004265877 -0.028067825 -0.003582387 0.999590516
70.659570 -0.028466364 -0.001185677 0.530991256 -0.004082169 -0.029614784 -0.002748570 0.999549270
70.763330 -0.032542191 -0.001198645 0.596231878 -0.003382502 -0.031084148 -0.001953955 0.999509156
70.867190 -0.037122414 -0.001177857 0.663142860 -0.002573573 -0.032606240 -0.001629278 0.999463618
70.970820 -0.041657023 -0.001391546 0.732072592 -0.001789018 -0.034268063 -0.001441776 0.999410033
71.074690 -0.046733420 -0.002144409 0.799110889 -0.001070308 -0.035472691 -0.000612985 0.999369860
71.178440 -0.052200641 -0.002421533 0.868837714 -0.000712016 -0.036645252 0.000668932 0.999327838
71.282190 -0.056669988 -0.003061314 0.938553393 -0.000397361 -0.037718359 0.001949101 0.999286413
71.385950 -0.063168965 -0.004214540 1.010800719 -0.000347816 -0.038648758 0.002837036 0.999248743
71.489570 -0.068770006 -0.004827781 1.082330823 0.001026641 -0.039592277 0.002566506 0.999212086
71.593330 -0.075102985 -0.005348190 1.155510068 0.002804000 -0.040068742 0.003018145 0.999188423
71.697200 -0.081475042 -0.006572328 1.229536057 0.004083193 -0.040220067 0.002849095 0.999178410
71.800950 -0.087909885 -0.007869600 1.304422975 0.003221546 -0.040479273 0.001585531 0.999173939
71.904720 -0.095218308 -0.008887727 1.380691290 0.001933942 -0.040300496 0.002023893 0.999183714
72.008470 -0.102117307 -0.010181499 1.457371116 0.000656153 -0.040463243 0.001747662 0.999179304
72.112200 -0.108163267 -0.010635196 1.536390066 0.001277300 -0.040857401 0.002896156 0.999159992
72.215950 -0.115174189 -0.011604054 1.614900231 0.001726113 -0.041304175 0.004152087 0.999136508
72.319700 -0.121544667 -0.012166214 1.694601059 0.002181502 -0.041524045 0.005548520 0.999119699
72.423450 -0.125335544 -0.014341327 1.775602937 0.001553500 -0.042782471 0.006559929 0.999061644
72.527200 -0.134501338 -0.015095090 1.858010769 0.001606013 -0.042572927 0.007515180 0.999063790
72.630950 -0.141903266 -0.016298182 1.942066193 0.001539377 -0.042957988 0.007737713 0.999045730
72.734700 -0.148057863 -0.016073240 2.024470806 0.002500486 -0.043948457 0.007382597 0.999003410
72.838470 -0.155974254 -0.018280018 2.107365608 0.002612398 -0.044450715 0.006885954 0.998984396
72.942200 -0.161104321 -0.019511621 2.192715645 0.002214945 -0.045377709 0.007610505 0.998938441
73.045950 -0.173269883 -0.021445928 2.278059483 0.001690993 -0.043938957 0.006025475 0.999014616
73.149700 -0.181189910 -0.023491828 2.363715649 0.001331028 -0.043578167 0.003775345 0.999041975
73.253450 -0.190690905 -0.023626456 2.449552298 0.002567219 -0.041689593 0.002572809 0.999123991
73.357220 -0.196037456 -0.024115531 2.536792517 0.003983833 -0.040525295 0.000544000 0.999170423
73.461070 -0.204209298 -0.026449688 2.622879028 0.004962692 -0.036653154 -0.001031351 0.999315202
73.564950 -0.211288512 -0.026992468 2.714199066 0.006459068 -0.031488709 -0.004294769 0.999473989
73.668820 -0.218334675 -0.030288128 2.801245689 0.006985113 -0.024263354 -0.006669356 0.999658942
73.772700 -0.220490322 -0.029868715 2.891260147 0.007757802 -0.017142268 -0.008226327 0.999789119
73.876700 -0.222104102 -0.031577300 2.977146626 0.007060451 -0.009131371 -0.009333896 0.999889791
73.980600 -0.223424867 -0.033931095 3.071676016 0.005069400 -0.000287805 -0.010091019 0.999936163
74.084450 -0.223835289 -0.036124695 3.158628941 0.004709752 0.008930953 -0.010976894 0.999888778
74.188450 -0.219907343 -0.039165173 3.253687859 0.005913131 0.018032558 -0.011544490 0.999753237
74.292330 -0.216192290 -0.041516017 3.343816996 0.007782970 0.027759036 -0.012623076 0.999504626
74.396200 -0.209974185 -0.044266243 3.435994625 0.008466665 0.038218655 -0.013182888 0.999146581
74.500110 -0.202279150 -0.047252417 3.526801109 0.007112029 0.049292348 -0.013600308 0.998666465
74.603820 -0.191824794 -0.050070733 3.618118048 0.006558110 0.061198883 -0.012814636 0.998021781
74.707830 -0.179468870 -0.052938145 3.708904743 0.008244578 0.073706172 -0.013822854 0.997150123
74.811700 -0.165089056 -0.056200877 3.799490929 0.011403457 0.086949483 -0.015640676 0.996024668
74.915450 -0.147727475 -0.060051315 3.889512300 0.013515492 0.100550778 -0.016792806 0.994698405
75.019330 -0.128146276 -0.064299300 3.979105711 0.015557396 0.115100332 -0.020276401 0.993025064
75.123330 -0.106358759 -0.069628641 4.068567276 0.017280836 0.130773440 -0.019078549 0.991078079
75.227100 -0.081901707 -0.074351244 4.155339718 0.018219661 0.145748988 -0.021908723 0.988911152
75.330950 -0.053410273 -0.079579905 4.242671490 0.020323232 0.160065815 -0.020707976 0.986679852
75.434820 -0.022721281 -0.086161844 4.329208851 0.022985073 0.174070045 -0.020434627 0.984252870
75.538570 0.011439275 -0.092353672 4.415342331 0.025312295 0.186751485 -0.019134618 0.981894612
75.642200 0.046871286 -0.098544270 4.500081539 0.026330763 0.198635623 -0.017840091 0.979557157
75.745950 0.084819861 -0.105526619 4.584176540 0.026592392 0.209611416 -0.017268518 0.977270544
75.849580 0.125032201 -0.111222990 4.669887066 0.028280497 0.220375061 -0.018269878 0.974833965
75.953320 0.166539431 -0.119548164 4.752135277 0.029091179 0.230989978 -0.018658873 0.972342134
76.056950 0.210321188 -0.126154229 4.837019444 0.029664110 0.241373733 -0.018313799 0.969805837
76.160580 0.256249905 -0.133446127 4.918757439 0.028906235 0.249754012 -0.015535628 0.967753053
76.264200 0.303215891 -0.141236320 5.003560543 0.028193884 0.256540328 -0.013637135 0.966025949
76.367700 0.351478547 -0.148008928 5.083442211 0.030594880 0.260652602 -0.011000626 0.964885056
76.471330 0.399019510 -0.154962525 5.166250229 0.032777078 0.263861477 -0.009725858 0.963954449
76.574950 0.448543072 -0.163868189 5.249148369 0.032336287 0.266000986 -0.010448868 0.963373601
76.678580 0.496674061 -0.169702068 5.331405640 0.032610223 0.267835706 -0.011226957 0.962847114
76.782200 0.547263145 -0.178658187 5.414269447 0.033332195 0.269436717 -0.011569513 0.962371528
76.885860 0.597971022 -0.187302828 5.496460438 0.034986172 0.270825446 -0.011336694 0.961925685
76.989560 0.649919868 -0.195679218 5.581095695 0.036434427 0.272573471 -0.010509618 0.961387455
77.093250 0.700453460 -0.204078928 5.665799618 0.036454048 0.274476469 -0.010066503 0.960849822
77.196950 0.755720496 -0.212289035 5.749883652 0.034487490 0.275326699 -0.009990627 0.960679948
77.300580 0.808839381 -0.219830811 5.836711884 0.032526702 0.276531518 -0.010131044 0.960400820
77.404200 0.862100244 -0.227659583 5.923841953 0.033136055 0.277352422 -0.011390525 0.960129082
77.507830 0.915471435 -0.235864058 6.010358334 0.034957889 0.277637690 -0.012412928 0.959969342
77.611580 0.971648872 -0.244751692 6.096353054 0.036495820 0.276974350 -0.012361401 0.960104406
77.715200 1.026587486 -0.253378063 6.185397148 0.036880214 0.276943445 -0.011428303 0.960110188
77.818950 1.081968188 -0.263005018 6.274332047 0.036607169 0.277027875 -0.011799476 0.960091770
77.922710 1.138247728 -0.272027820 6.363705635 0.036301702 0.276851147 -0.013160927 0.960136652
78.026330 1.194443822 -0.281163782 6.454123497 0.036941081 0.277154624 -0.014120601 0.960011065
78.130080 1.251361728 -0.290024608 6.544720650 0.035777111 0.278250188 -0.014029954 0.959739566
78.233830 1.309567571 -0.299890071 6.637686729 0.035487399 0.279537648 -0.014456127 0.959369779
78.337450 1.367558002 -0.308955401 6.728707314 0.035848752 0.280420810 -0.013799895 0.959108233
78.441200 1.426373124 -0.317749977 6.822645664 0.036640070 0.281857431 -0.014118120 0.958652496
78.544830 1.485616088 -0.327968925 6.915211678 0.035430446 0.283175588 -0.014637214 0.958301604
78.648580 1.547647119 -0.338113368 7.009465218 0.035981283 0.284691662 -0.013623543 0.957846761
78.752330 1.608451843 -0.347763091 7.103794575 0.034987267 0.286358625 -0.014756049 0.957369745
78.855950 1.671030164 -0.356620640 7.199251175 0.034718759 0.288233519 -0.014713730 0.956817389
78.959710 1.733798146 -0.366237521 7.294226646 0.034646358 0.289931536 -0.015481438 0.956294775
79.063330 1.797280669 -0.375745863 7.391616344 0.034851056 0.291431278 -0.015711140 0.955827594
79.167080 1.859990835 -0.384941131 7.487815380 0.035229549 0.293199688 -0.015767213 0.955271780
79.270830 1.925770044 -0.394805253 7.583703995 0.035367064 0.294065863 -0.015656495 0.955002248
79.374460 1.991979718 -0.404504806 7.680961132 0.036454178 0.295377851 -0.015626550 0.954556882
79.478210 2.057975531 -0.415587008 7.778234005 0.036294516 0.296609968 -0.015567569 0.954181790
79.581950 2.124412298 -0.426128566 7.874915123 0.036165517 0.298063129 -0.015699148 0.953731596
79.685700 2.190766811 -0.436439157 7.971657753 0.035717487 0.299980223 -0.016290953 0.953137279
79.789450 2.258858204 -0.446451634 8.069657326 0.036084797 0.301936686 -0.015789535 0.952513933
79.893210 2.327328920 -0.456689537 8.168890953 0.035904400 0.304154783 -0.016319999 0.951805890
79.996970 2.395858049 -0.467942566 8.263689995 0.036294609 0.305621028 -0.015668230 0.951332211
80.100580 2.466556787 -0.479035407 8.363357544 0.036486942 0.307037264 -0.015578633 0.950870156
80.204330 2.535508871 -0.487914115 8.464322090 0.037265703 0.308613002 -0.015619487 0.950329065
80.307980 2.605910540 -0.499612182 8.557678223 0.036989432 0.309130609 -0.015419144 0.950174868
80.411710 2.676435947 -0.511074603 8.656750679 0.036947999 0.310109675 -0.015196679 0.949860990
80.515330 2.749980450 -0.521221280 8.757510185 0.037103169 0.310503900 -0.015454900 0.949721992
80.619080 2.823236227 -0.533248365 8.857657433 0.037474338 0.311111003 -0.014892605 0.949517667
80.722740 2.898429632 -0.544054568 8.959130287 0.038084883 0.311490625 -0.014404498 0.949376464
80.826440 2.972988844 -0.555554271 9.061455727 0.037387125 0.312007725 -0.013468325 0.949248135
80.930080 3.046995163 -0.565780640 9.162622452 0.037807785 0.312403470 -0.014584763 0.949084759
81.033840 3.122067451 -0.577265382 9.264210701 0.037466925 0.312867433 -0.014728170 0.948943257
81.137500 3.196513176 -0.589039445 9.365793228 0.036182031 0.313442111 -0.014850926 0.948801517
81.241210 3.271491051 -0.599931836 9.468492508 0.035382763 0.314209104 -0.014255640 0.948587060
81.344940 3.346936226 -0.611278057 9.570134163 0.035693035 0.314497799 -0.013718581 0.948487699
81.448590 3.422614336 -0.622330666 9.672558784 0.036746904 0.314580888 -0.013595649 0.948421657
81.552330 3.498795509 -0.634809911 9.774950027 0.036909163 0.314646989 -0.013413623 0.948396027
81.656060 3.575524569 -0.646083295 9.879634857 0.036878061 0.314841270 -0.014243616 0.948320687
81.759710 3.650210142 -0.658103168 9.980428696 0.036446527 0.314935207 -0.013344106 0.948319256
81.863460 3.725797892 -0.669752240 10.082886696 0.036846165 0.314830780 -0.013613403 0.948334634
81.967080 3.802525520 -0.681419671 10.186548233 0.037984304 0.314570129 -0.013739109 0.948374450
82.070830 3.879787445 -0.693441808 10.289442062 0.038725354 0.313905060 -0.012661196 0.948579788
82.174460 3.956499338 -0.705315888 10.393321037 0.038913734 0.313074201 -0.011768841 0.948858142
82.278210 4.033063412 -0.717059016 10.497592926 0.038411979 0.312266052 -0.010367363 0.949161232
82.381960 4.109635830 -0.729316413 10.601007462 0.037821993 0.311302572 -0.010133083 0.949503839
82.485710 4.185334682 -0.741165400 10.704675674 0.037617482 0.310657680 -0.010311112 0.949721217
82.589430 4.260754585 -0.752452850 10.808818817 0.037776392 0.310308427 -0.009624776 0.949836314
82.693080 4.337140560 -0.763857365 10.913067818 0.038149863 0.309771538 -0.010126340 0.949991405
82.796920 4.412806511 -0.775990427 11.017191887 0.038266193 0.309280515 -0.009501336 0.950153112
82.900600 4.488045692 -0.787444174 11.121189117 0.038125884 0.308935344 -0.009942397 0.950266540
83.004230 4.563093185 -0.800014973 11.225211143 0.037883360 0.308635861 -0.010691294 0.950365424
83.107850 4.637986660 -0.812809587 11.329269409 0.037036024 0.308302402 -0.011155856 0.950501740
83.211580 4.713596821 -0.824223459 11.433815956 0.036897901 0.308250576 -0.009890132 0.950537920
83.315210 4.789939404 -0.836082816 11.538234711 0.036285989 0.307622224 -0.008461617 0.950778782
83.418960 4.865098000 -0.846695542 11.641387939 0.037049819 0.307153940 -0.005310839 0.950923502
83.522590 4.940480232 -0.857239187 11.744959831 0.038693685 0.306486219 -0.004498099 0.951077700
83.626210 5.014811993 -0.869391441 11.848134041 0.039903171 0.306137890 -0.005052782 0.951137125
83.729960 5.088479996 -0.881371081 11.951611519 0.040030036 0.305608302 -0.005790631 0.951297879
83.833580 5.162971973 -0.892258167 12.058399200 0.038716454 0.305672914 -0.007658935 0.951318264
83.937350 5.235850811 -0.903893173 12.161926270 0.038305212 0.304988921 -0.008106127 0.951550722
84.040960 5.309135437 -0.916455865 12.266427994 0.037825104 0.304668874 -0.008904892 0.951665282
84.144710 5.382717133 -0.927310646 12.371933937 0.037707105 0.304437667 -0.010458421 0.951728165
84.248350 5.456387997 -0.939372897 12.475733757 0.037192602 0.303738624 -0.010337324 0.951973021
84.352100 5.530262947 -0.950798571 12.581127167 0.036295239 0.303984493 -0.011149500 0.951920033
84.455710 5.603217125 -0.962287605 12.684490204 0.036969084 0.304116875 -0.010137320 0.951863110
84.559380 5.676034451 -0.973756790 12.788249016 0.037486106 0.304181784 -0.009606502 0.951827705
84.662980 5.749274254 -0.984859526 12.891803741 0.037643485 0.303888112 -0.008024377 0.951929927
84.766730 5.823614120 -0.995657027 12.993822098 0.037135426 0.302778333 -0.007509417 0.952307642
84.870340 5.892419815 -1.006096363 13.094443321 0.038303133 0.302524090 -0.007118735 0.952345192
84.973960 5.962814331 -1.017582297 13.199022293 0.039941378 0.302182615 -0.008854644 0.952371776
85.077720 6.033774376 -1.031119347 13.296289444 0.038562164 0.301383525 -0.009863033 0.952671826
85.181330 6.102660179 -1.040102243 13.398430824 0.037882961 0.300991237 -0.011999144 0.952798605
85.285090 6.170720577 -1.053294539 13.498057365 0.036268491 0.300744742 -0.011761958 0.952942193
85.388710 6.239425659 -1.064156771 13.598456383 0.035417605 0.300715804 -0.010756925 0.952995181
85.492460 6.310826778 -1.075245142 13.697194099 0.035177447 0.300232768 -0.009192040 0.953172743
85.596110 6.379429817 -1.085791707 13.796233177 0.035376493 0.300251067 -0.009758843 0.953154027
85.699750 6.447229862 -1.096308708 13.894076347 0.036045719 0.300425380 -0.009672086 0.953074872
85.803450 6.514228821 -1.107669830 13.989740372 0.035261191 0.300904453 -0.009964245 0.952950120
85.907110 6.580567837 -1.117363214 14.085583687 0.035315134 0.301258594 -0.010587895 0.952829480
86.010840 6.645610332 -1.128724813 14.179944038 0.034827042 0.301803350 -0.010803938 0.952672601
86.114460 6.711236000 -1.139239311 14.272378922 0.034161232 0.301891297 -0.010560592 0.952671587
86.218210 6.774531364 -1.148685575 14.363615036 0.032889862 0.302556813 -0.010374456 0.952507198
86.321830 6.837741852 -1.159202814 14.453308105 0.031146990 0.302775413 -0.010559651 0.952494323
86.425590 6.898695946 -1.169302464 14.540496826 0.031638313 0.303044289 -0.010581483 0.952392340
86.529210 6.958796024 -1.178769946 14.625702858 0.034414481 0.303165108 -0.010063963 0.952263236
86.632980 7.017858982 -1.188195467 14.709370613 0.034749780 0.303385556 -0.010090656 0.952180564
86.736730 7.076124191 -1.197362781 14.790667534 0.033972174 0.302895814 -0.009069989 0.952374816
86.840340 7.131811619 -1.206407428 14.870197296 0.032768503 0.302119523 -0.008484926 0.952668905
86.944090 7.186203480 -1.215127468 14.948145866 0.032507163 0.301293999 -0.008828137 0.952936172
87.047710 7.237829208 -1.223408341 15.023784637 0.031659160 0.300464362 -0.009342552 0.953221679
87.151360 7.288931847 -1.231290936 15.096973419 0.030570615 0.299222618 -0.008526306 0.953655362
87.254960 7.336709023 -1.238197923 15.166666031 0.029026290 0.298154771 -0.008150129 0.954041302
87.358710 7.383580685 -1.245707512 15.236220360 0.027850103 0.297742575 -0.008772104 0.954199553
87.462460 7.426519871 -1.252294540 15.301177025 0.028672220 0.297690362 -0.008584572 0.954193175
87.566210 7.469817162 -1.259469390 15.362177849 0.029529642 0.297076017 -0.008533317 0.954358995
87.669860 7.508510113 -1.266370773 15.420120239 0.029535459 0.296935618 -0.008870821 0.954399407
87.773590 7.547139645 -1.271532774 15.476461411 0.029471768 0.296987474 -0.010106033 0.954372942
87.877340 7.585330486 -1.277579665 15.528462410 0.028932661 0.297934175 -0.011125756 0.954082966
87.981210 7.618309498 -1.282457232 15.580322266 0.028744828 0.302681446 -0.013475844 0.952562928
88.085210 7.652131557 -1.288942695 15.624807358 0.027803661 0.310419232 -0.015747970 0.950062573
88.189210 7.684221268 -1.293059349 15.670125961 0.027905906 0.322072357 -0.017969212 0.946133077
88.293330 7.716030121 -1.298410296 15.709893227 0.028400168 0.335939467 -0.018880235 0.941266000
88.397460 7.752285480 -1.302925467 15.748976707 0.030006314 0.351544261 -0.018907754 0.935499191
88.501590 7.788327694 -1.307216048 15.784543037 0.032058399 0.369687766 -0.017572172 0.928436518
88.605840 7.825362682 -1.312022805 15.818330765 0.031773791 0.390653551 -0.017719993 0.919818580
88.710100 7.862062931 -1.316383004 15.848712921 0.031397715 0.413671821 -0.017613497 0.909713984
88.814340 7.901500702 -1.320754647 15.878673553 0.030571306 0.437917173 -0.017570784 0.898323596
88.918590 7.939007759 -1.325062037 15.904513359 0.029596524 0.463204592 -0.017195107 0.885590136
89.022840 7.980340481 -1.330008388 15.926605225 0.030197710 0.489314139 -0.016766053 0.871423364
89.127090 8.020889282 -1.335021257 15.945734024 0.031439509 0.516572297 -0.016873023 0.855499804
89.231340 8.063434601 -1.338034153 15.962138176 0.032706071 0.544305980 -0.018435309 0.838046253
89.335590 8.103765488 -1.342032075 15.974398613 0.034715712 0.571486235 -0.019287551 0.819650114
89.439590 8.144657135 -1.345602274 15.984718323 0.037929557 0.598090291 -0.017735951 0.800334215
89.543710 8.187458992 -1.350239038 15.989524841 0.040647924 0.623251677 -0.014921569 0.780821621
89.647840 8.229767799 -1.354608178 15.994880676 0.040487316 0.648845434 -0.014641831 0.759701252
89.751840 8.273504257 -1.358979106 15.997444153 0.039524958 0.673477173 -0.014891378 0.738000333
89.855840 8.317516327 -1.362057805 15.993708611 0.039792467 0.696352065 -0.014087072 0.716457903
89.959740 8.362229347 -1.365831375 15.988223076 0.042139046 0.718873978 -0.012343745 0.693752289
90.063710 8.404946327 -1.370583296 15.981342316 0.045061070 0.741082668 -0.011296291 0.669804752
90.167590 8.448686600 -1.373623133 15.971518517 0.047927435 0.762663126 -0.014173940 0.644861996
90.271490 8.492180824 -1.378489137 15.959128380 0.049194925 0.783719003 -0.016956894 0.618932009
90.375470 8.537015915 -1.382408142 15.942904472 0.050495569 0.803669572 -0.018276954 0.592647672
90.479340 8.580081940 -1.386781931 15.923002243 0.049516372 0.822599709 -0.017758815 0.566182315
90.583090 8.625200272 -1.391497135 15.900469780 0.049147379 0.841191709 -0.016659286 0.538241088
90.686970 8.666361809 -1.395023227 15.873872757 0.050171573 0.858570695 -0.017978258 0.509917676
90.790840 8.708707809 -1.399436593 15.843973160 0.051867824 0.875282347 -0.019647187 0.480421275
90.894590 8.748279572 -1.403824568 15.811260223 0.052528303 0.890972078 -0.022119390 0.450466663
90.998490 8.788314819 -1.408484459 15.774719238 0.053746801 0.905711472 -0.024325091 0.419769317
91.102090 8.826201439 -1.413372397 15.734430313 0.054636933 0.918798268 -0.025358001 0.390104562
91.205840 8.863301277 -1.418709874 15.690641403 0.056052458 0.930531263 -0.024843534 0.361043662
91.309470 8.898047447 -1.423847318 15.643009186 0.056256890 0.940742135 -0.025158776 0.333476335
91.412970 8.932780266 -1.429766178 15.591067314 0.057296261 0.949371278 -0.025232570 0.307854950
91.516590 8.964914322 -1.434782505 15.539887428 0.058561649 0.956622839 -0.026117984 0.284185052
91.620220 8.996409416 -1.439288139 15.481939316 0.060112610 0.962501884 -0.027568853 0.263090283
91.723710 9.025909424 -1.445085883 15.421669960 0.060509101 0.967054188 -0.027858388 0.245700598
91.827240 9.055661201 -1.450531840 15.362014771 0.061133213 0.970804632 -0.026898948 0.230385587
91.930590 9.084753990 -1.455935836 15.298840523 0.059801813 0.973837495 -0.024697764 0.217840090
92.034130 9.113162041 -1.461371303 15.233049393 0.056089882 0.976440668 -0.023362439 0.207054779
92.137720 9.142562866 -1.467199683 15.166645050 0.053640205 0.978709161 -0.022715041 0.196812570
92.241220 9.168163300 -1.472172618 15.098222733 0.051680997 0.980681181 -0.021530002 0.187429607
92.344860 9.194854736 -1.475355625 15.027578354 0.049419906 0.982580721 -0.021078108 0.177900314
92.448600 9.219788551 -1.482688665 14.957771301 0.043791834 0.984775066 -0.019298548 0.167116284
92.552220 9.245084763 -1.486892939 14.886478424 0.039174456 0.986787498 -0.018314714 0.156142235
92.655970 9.267130852 -1.491533995 14.810522079 0.036153674 0.988567114 -0.015857453 0.145521492
92.759720 9.288702011 -1.496004343 14.735001564 0.030891046 0.990426123 -0.013034783 0.133910075
92.863470 9.308317184 -1.498259068 14.658353806 0.026206609 0.992175698 -0.011043356 0.121567555
92.967220 9.324965477 -1.503202915 14.581445694 0.021200348 0.993704677 -0.009564389 0.109590732
93.070970 9.340620041 -1.504103184 14.502388000 0.021560371 0.995095670 -0.009215360 0.096097551
93.174720 9.353054047 -1.505981326 14.423226357 0.021520985 0.996286869 -0.008051464 0.082973078
93.278470 9.363922119 -1.508415937 14.342289925 0.021213789 0.997335017 -0.005494714 0.069589354
93.382090 9.372769356 -1.510315657 14.260974884 0.022087121 0.998134077 -0.002861526 0.056853998
93.485840 9.380188942 -1.512411714 14.179079056 0.023133049 0.998673499 -0.000564471 0.045997474
93.589470 9.386137009 -1.514757156 14.097327232 0.023582021 0.999025226 0.002339176 0.037241828
