8.730751 -0.000166278 -0.000989382 0.048846159 -0.001650980 -0.000129976 0.000023455 0.999998629
8.834756 -0.000431498 -0.001707793 0.097263657 -0.001551007 -0.000008759 0.000104576 0.999998808
8.938756 -0.000639402 -0.002613791 0.145319730 0.000560402 0.000121203 0.000098287 0.999999821
9.042758 -0.000963198 -0.003595389 0.193589166 0.002717710 0.000318406 -0.000456576 0.999996126
9.146631 -0.001478703 -0.004771961 0.241831020 0.003886819 0.000420950 -0.002345752 0.999989569
9.250652 -0.001950852 -0.005847886 0.289910614 0.004661564 0.000247854 -0.004053257 0.999980867
9.354505 -0.002276792 -0.007126151 0.337904334 0.005818181 -0.000085881 -0.002905525 0.999978840
9.458529 -0.002047931 -0.008678795 0.385517687 0.007760379 -0.000753712 -0.001262364 0.999968827
9.562503 -0.002253152 -0.009969115 0.433566183 0.008662919 -0.001167291 0.000944436 0.999961317
9.666385 -0.002539238 -0.011628524 0.481277317 0.006846447 -0.002099183 0.000910822 0.999973953
9.770380 -0.003132268 -0.012948808 0.529376745 0.003917443 -0.002930964 0.002237917 0.999985516
9.874249 -0.002668005 -0.014088473 0.577604175 0.002267247 -0.004170965 0.003147856 0.999983788
9.978133 -0.003994808 -0.015727378 0.624066651 0.002371068 -0.004674816 0.003047957 0.999981642
10.082130 -0.005309611 -0.016906051 0.671626210 0.004310872 -0.004851290 0.001417054 0.999977946
10.186010 -0.006224691 -0.018178025 0.717478752 0.005965461 -0.005780539 -0.000951393 0.999965012
10.290010 -0.007348173 -0.019464405 0.764516771 0.006422422 -0.006407056 -0.003075910 0.999954104
10.393880 -0.008666581 -0.020839818 0.810582817 0.005969828 -0.006814650 -0.003845212 0.999951541
10.497760 -0.009962793 -0.022434423 0.857171595 0.005006006 -0.007211335 -0.004123566 0.999952972
10.601750 -0.010778433 -0.023768477 0.902870536 0.005253570 -0.007641606 -0.005049986 0.999944270
10.705630 -0.011946660 -0.024615495 0.948897302 0.005641862 -0.008085404 -0.004689137 0.999940395
10.809650 -0.012835959 -0.025945248 0.992978156 0.004619916 -0.008213020 -0.004160299 0.999946952
10.913510 -0.013670553 -0.026743185 1.038543224 0.003486694 -0.008484703 -0.003491466 0.999951839
11.017510 -0.014775231 -0.027769707 1.083019733 0.001321365 -0.008479600 -0.003835954 0.999955833
11.121380 -0.016124642 -0.029281661 1.127193451 0.000189966 -0.008688657 -0.003647409 0.999955595
11.225380 -0.015757088 -0.029409343 1.173475504 0.000644309 -0.009465511 -0.003508876 0.999948859
11.329280 -0.017842151 -0.030879788 1.214194059 0.001404241 -0.009208946 -0.003148379 0.999951661
11.433260 -0.018818550 -0.031983562 1.256407380 0.003038444 -0.009540564 -0.003074429 0.999945164
11.537150 -0.019450856 -0.032362223 1.298381209 0.004796953 -0.009366102 -0.003581098 0.999938190
11.641130 -0.021512352 -0.034164157 1.341339469 0.005751616 -0.008496179 -0.003582213 0.999940932
11.745130 -0.021509128 -0.035551608 1.380702496 0.006018562 -0.007480648 -0.004824186 0.999942243
11.849140 -0.021641996 -0.037030280 1.419267416 0.005496720 -0.005628985 -0.004824027 0.999957383
11.953260 -0.022915306 -0.038016599 1.459309459 0.004754252 -0.002300964 -0.004514087 0.999975860
12.057260 -0.021612065 -0.039077047 1.495515585 0.004212884 0.000908524 -0.004023942 0.999982595
12.161380 -0.021050058 -0.040057298 1.532232761 0.003711258 0.004976031 -0.004321804 0.999971390
12.265510 -0.021361955 -0.041753069 1.567905784 0.002392993 0.011422135 -0.005162320 0.999918580
12.369630 -0.018677179 -0.042446252 1.601378560 0.001716475 0.018331118 -0.006531755 0.999809146
12.473910 -0.017823044 -0.043069612 1.636072636 0.001165583 0.028070576 -0.006664184 0.999583006
12.578130 -0.014906503 -0.043085128 1.667950511 0.001247436 0.039095189 -0.006626534 0.999212742
12.682390 -0.010320853 -0.044663992 1.698955297 0.000860381 0.051653028 -0.005749278 0.998648167
12.786780 -0.005869153 -0.044802483 1.727628350 0.001406297 0.066391125 -0.004610767 0.997781992
12.891130 0.000129334 -0.045463629 1.754857779 0.001573995 0.083202735 -0.003327511 0.996525824
12.995510 0.008077540 -0.044879898 1.783121467 0.001985475 0.101895101 -0.002777077 0.994789302
13.099880 0.014381482 -0.046272967 1.807959437 0.001809377 0.122795068 -0.001760116 0.992428839
13.204380 0.023108844 -0.046800472 1.832451224 0.001300342 0.145585984 -0.000404160 0.989344656
13.308760 0.033811506 -0.047738794 1.856411934 0.001753027 0.169849351 0.002257917 0.985465884
13.413260 0.044571094 -0.049306054 1.878307819 0.003276265 0.195766911 0.006703501 0.980622113
13.517630 0.059090897 -0.049110364 1.901871681 0.005738456 0.221943319 0.009394823 0.974997401
13.622130 0.073075399 -0.049838036 1.922609687 0.007171360 0.249393761 0.012322719 0.968297184
13.726510 0.088249549 -0.050431728 1.942934394 0.006849247 0.276652902 0.013175890 0.960855186
13.830760 0.104847953 -0.050126016 1.962387681 0.007149591 0.302586079 0.014737931 0.952981293
13.935130 0.122832052 -0.050516952 1.980888367 0.007925585 0.327712417 0.019659653 0.944539726
14.039380 0.141542301 -0.051585924 1.997552276 0.008583610 0.352816850 0.025280220 0.935311496
14.143650 0.161496341 -0.051505730 2.014390469 0.010823834 0.377820581 0.026180772 0.925445318
14.247880 0.181119129 -0.052036423 2.030097485 0.013319121 0.403293520 0.023916489 0.914661109
14.352150 0.202215269 -0.052097965 2.044723272 0.017811464 0.429197609 0.020676231 0.902798235
14.456380 0.224582210 -0.052216914 2.058713913 0.020233029 0.455618232 0.017097734 0.889781058
14.560630 0.249465778 -0.052580338 2.072272539 0.020949878 0.481764555 0.016056284 0.875903070
14.664880 0.276015908 -0.053111300 2.084735155 0.021460636 0.507500172 0.016098022 0.861233950
14.769010 0.303792506 -0.053673215 2.096447229 0.021252524 0.532400548 0.014476037 0.846101940
14.873160 0.333546638 -0.054721575 2.106986523 0.020046249 0.555190027 0.015008687 0.831346393
14.977150 0.364591002 -0.055226136 2.116955996 0.017637163 0.575525761 0.012961116 0.817490697
15.081160 0.396829545 -0.056002945 2.126384497 0.016267210 0.593997777 0.010813660 0.804229498
15.185010 0.430814594 -0.056626096 2.134664536 0.013911848 0.609459877 0.009712419 0.792635381
15.288760 0.466344327 -0.057466656 2.142354250 0.012895695 0.622009516 0.010695687 0.782830417
15.392480 0.502399027 -0.057527769 2.149082661 0.012644210 0.631885827 0.011613422 0.774871290
15.496190 0.541390181 -0.057924226 2.155542850 0.011720361 0.640355527 0.012593071 0.767885983
15.599910 0.581398666 -0.057790127 2.162245035 0.010264318 0.647550046 0.012871164 0.761845052
15.703610 0.621589363 -0.058465920 2.168066025 0.007552782 0.653587282 0.011425332 0.756727219
15.807320 0.662744880 -0.058872480 2.173428535 0.005847254 0.658662260 0.010870502 0.752337456
15.911010 0.704812765 -0.059451044 2.178246737 0.006079917 0.663668633 0.011585340 0.747912228
16.014760 0.748881817 -0.059279911 2.182695866 0.006271816 0.668772519 0.011495869 0.743351758
16.118550 0.792851865 -0.059161797 2.186508894 0.005896880 0.674180210 0.011625051 0.738451838
16.222360 0.839178622 -0.059377525 2.190051079 0.004909817 0.679563165 0.011366369 0.733512521
16.326140 0.885706961 -0.060244232 2.192352295 0.005286287 0.684046924 0.010439839 0.729344130
16.429890 0.932034135 -0.060513265 2.195131779 0.006752837 0.688363433 0.008035203 0.725290060
16.533760 0.979346275 -0.060646087 2.197092533 0.009319187 0.691898644 0.006331135 0.721906722
16.637520 1.029118061 -0.061164208 2.198781252 0.009253877 0.694772005 0.006389666 0.719142079
16.741260 1.079044104 -0.061274394 2.200148582 0.006782640 0.697110295 0.008193073 0.716884971
16.845140 1.128878355 -0.062349692 2.202255726 0.002367399 0.699000835 0.009694509 0.715051234
16.948890 1.178870916 -0.062497478 2.204007149 0.000861103 0.700535119 0.010955205 0.713533282
17.052630 1.227638245 -0.062963277 2.203982592 0.001639411 0.701605022 0.010896021 0.712480903
17.156420 1.277194858 -0.063342191 2.205521107 0.001896625 0.702843428 0.010744737 0.711260915
17.260280 1.327079058 -0.063803978 2.205504417 0.001398679 0.703734756 0.011965328 0.710360646
17.364000 1.377009153 -0.063980646 2.206328630 0.001117340 0.704728484 0.013542542 0.709346950
17.467890 1.426661611 -0.064133316 2.205742359 0.001462646 0.705496252 0.015220071 0.708548665
17.571660 1.475296021 -0.064027622 2.206450701 0.003021840 0.706717014 0.013966046 0.707352042
17.675510 1.523976207 -0.064325601 2.206272840 0.004287700 0.707208574 0.010207725 0.706918299
17.779390 1.572908044 -0.065151840 2.206254005 0.006427841 0.707692325 0.007191518 0.706454933
17.883140 1.621490955 -0.065412179 2.206557989 0.007562994 0.708387494 0.005370758 0.705762804
17.987010 1.670204997 -0.066409387 2.206564188 0.006406422 0.709146380 0.005502326 0.705010712
18.090880 1.719446421 -0.067256682 2.206771851 0.003808236 0.709889054 0.005717772 0.704279959
18.194760 1.768049955 -0.068274155 2.206510305 0.000951657 0.710486948 0.006792631 0.703676939
18.298510 1.817420959 -0.068459027 2.206655502 0.001050208 0.711637020 0.008087000 0.702499986
18.402390 1.865290761 -0.068663336 2.206136942 0.002519810 0.712182045 0.009001543 0.701932669
18.506260 1.914857268 -0.069704480 2.205412388 0.002442500 0.712480009 0.009620607 0.701622248
18.610130 1.963796854 -0.069927253 2.205133200 0.003100497 0.713040113 0.009063870 0.701057851
18.713910 2.011653900 -0.070408024 2.203573227 0.004278003 0.713006258 0.009348385 0.701082289
18.817760 2.061090469 -0.070615724 2.202939749 0.004489463 0.713359952 0.009590236 0.700717807
18.921640 2.110775948 -0.070933938 2.202329397 0.002921909 0.713594019 0.008801319 0.700498044
19.025510 2.160704851 -0.071462907 2.201914549 0.003348604 0.713711023 0.008711348 0.700378120
19.129390 2.210353851 -0.071674488 2.200516462 0.003460278 0.712951720 0.008710954 0.701150477
19.233260 2.261681318 -0.071673855 2.200596571 0.004232489 0.712359607 0.009518173 0.701737344
19.337010 2.313756227 -0.071912594 2.200509787 0.003903078 0.711349666 0.008801121 0.702772379
19.440890 2.364782810 -0.072648294 2.200300455 0.002446562 0.710176468 0.007397587 0.703980565
19.544760 2.416316032 -0.073607460 2.200781345 0.004025361 0.709427893 0.005820354 0.704742491
19.648510 2.468455791 -0.073534451 2.201457262 0.004898103 0.708634317 0.003888929 0.705548167
19.752390 2.520778418 -0.074113406 2.201760292 0.005637815 0.708018422 0.003541029 0.706162632
19.856260 2.574442148 -0.074714132 2.202714682 0.005041990 0.707436919 0.003682279 0.706748903
19.960140 2.629165173 -0.075951315 2.202138186 0.005370858 0.706387877 0.004732397 0.707788706
20.064010 2.683414221 -0.076398619 2.202239990 0.005045587 0.705805600 0.005523651 0.708366036
20.167930 2.738641739 -0.076941468 2.202713013 0.004042471 0.705179155 0.007116707 0.708981931
20.271890 2.793810129 -0.077034429 2.203094006 0.002787225 0.704658926 0.008925605 0.709484577
20.375760 2.849395990 -0.077720232 2.203937292 0.002078200 0.704982817 0.009912603 0.709152102
20.479750 2.905657053 -0.077958316 2.204776764 0.000926931 0.705793440 0.008824037 0.708362103
20.583640 2.961205006 -0.078125082 2.205582142 0.001391398 0.706561208 0.008478883 0.707599759
20.687510 3.018019676 -0.077962801 2.205884457 0.002880180 0.707276762 0.008008648 0.706885517
20.791530 3.074293137 -0.078707047 2.205331802 0.004862376 0.707661629 0.009134691 0.706475675
20.895390 3.130964994 -0.078780830 2.205607414 0.005405847 0.708412886 0.009316604 0.705716074
20.999260 3.188821554 -0.078883439 2.204716921 0.005549061 0.708560467 0.011219908 0.705539048
21.103270 3.245660543 -0.079745419 2.204945803 0.005540115 0.709065080 0.013043330 0.705000639
21.207140 3.301070690 -0.079956487 2.204663277 0.005763978 0.709210992 0.013377273 0.704845786
21.311120 3.357040167 -0.080501944 2.204851627 0.006178577 0.709590316 0.011437487 0.704494536
21.415040 3.412872076 -0.080689535 2.205362797 0.007120007 0.709941864 0.007992349 0.704178929
21.519010 3.468206406 -0.082173236 2.204945326 0.008450459 0.710308611 0.005977546 0.703814268
21.622900 3.523672342 -0.083600551 2.204644680 0.008447129 0.710474133 0.002169954 0.703669310
21.726890 3.578417301 -0.085360967 2.204326630 0.008822080 0.710734010 0.002343840 0.703401625
21.830760 3.634288788 -0.085579954 2.204047441 0.007937538 0.710982978 0.005127232 0.703145683
21.934640 3.689690113 -0.086577542 2.203655481 0.005336345 0.710650921 0.008923068 0.703468025
22.038660 3.744483232 -0.087863140 2.203497648 0.002702068 0.710311651 0.011748944 0.703784049
22.142620 3.798821926 -0.088348567 2.202827930 0.004319601 0.709313333 0.011757681 0.704782009
22.246540 3.852930546 -0.088795081 2.202670336 0.007093112 0.708710551 0.011979109 0.705361962
22.350390 3.906521320 -0.089581512 2.202608824 0.008353199 0.707770288 0.012182061 0.706288218
22.454390 3.959713697 -0.090429708 2.203063011 0.008066067 0.706874073 0.010356384 0.707217574
22.558370 4.012639999 -0.091031633 2.203720093 0.008865376 0.705708683 0.008446916 0.708396256
22.662270 4.066295624 -0.091501594 2.204126835 0.009752030 0.704256952 0.006573513 0.709847689
22.766140 4.117995739 -0.093107708 2.205258369 0.010520594 0.703151047 0.004715682 0.710947037
22.870160 4.170419216 -0.094476648 2.207113743 0.008738585 0.702175975 0.002971999 0.711943567
22.974020 4.223303318 -0.095806248 2.207971096 0.007117824 0.700649500 0.002690451 0.713465095
23.078010 4.275703907 -0.096972957 2.210080624 0.004208356 0.699290276 0.003792101 0.714815378
23.181990 4.328180790 -0.097885028 2.212044477 0.002321590 0.697889388 0.005623512 0.716179669
23.285910 4.380881786 -0.098366618 2.213436365 0.001450903 0.695796609 0.007039993 0.718202889
23.389770 4.432434559 -0.098914616 2.215415716 0.001244180 0.693499267 0.007490368 0.720417321
23.493760 4.483471870 -0.099218607 2.217861891 0.000785801 0.691353679 0.009580560 0.722452521
23.597640 4.533873558 -0.099329203 2.220899820 0.000371337 0.689004660 0.008485914 0.724707127
23.701510 4.583827972 -0.100009337 2.224828482 -0.000431787 0.686893046 0.007135989 0.726723373
23.805540 4.631960392 -0.100749865 2.228302240 0.000303921 0.684797347 0.005267995 0.728714466
23.909390 4.682235241 -0.101004176 2.232465267 0.001583972 0.682598352 0.004241928 0.730779767
24.013390 4.731262684 -0.101705782 2.236583948 0.001527584 0.680695057 0.003162128 0.732558489
24.117270 4.779979706 -0.102044396 2.241264582 -0.000883607 0.678987503 0.004089965 0.734137893
24.221270 4.829514503 -0.102383025 2.245325565 -0.002324489 0.676499307 0.005283128 0.736420631
24.325140 4.877935886 -0.103422612 2.250253201 -0.002243526 0.674189866 0.007083779 0.738520682
24.429140 4.926171303 -0.103836104 2.254789829 -0.000781637 0.671519935 0.005687000 0.740964234
24.533020 4.973510742 -0.104030974 2.260039091 0.002482054 0.668490112 0.003689641 0.743707716
24.636890 5.021548271 -0.104878440 2.266114712 0.003788821 0.665024221 0.003723649 0.746802866
24.740760 5.068963051 -0.105682090 2.272351027 0.002937717 0.660959303 0.004662805 0.750401437
24.844640 5.117010117 -0.106222399 2.279000759 0.001374708 0.656426907 0.007426182 0.754351795
24.948510 5.163499355 -0.106637888 2.286607742 -0.001714515 0.651852787 0.009562734 0.758283317
25.052390 5.212040901 -0.106663018 2.295336008 -0.002473812 0.647514284 0.010827174 0.761972368
25.156270 5.257778168 -0.107211627 2.304472923 -0.002327683 0.643231034 0.007302618 0.765633762
25.260140 5.303629398 -0.107461385 2.313316822 0.000628071 0.638299465 0.003450159 0.769780159
25.364010 5.349881649 -0.107897252 2.323551416 0.003210028 0.633544087 0.002477523 0.773696005
25.467890 5.395817280 -0.108528033 2.334306240 0.002205250 0.628812075 0.004884278 0.777538896
25.571790 5.443581581 -0.108939327 2.345006943 -0.000314007 0.623953700 0.007226530 0.781427801
25.675640 5.489560127 -0.109075435 2.356932878 -0.001793786 0.619105577 0.009332844 0.785250247
25.779520 5.536290169 -0.109451532 2.368549585 -0.000127571 0.613815844 0.009597579 0.789390862
25.883390 5.581763744 -0.109576687 2.380735159 0.001971583 0.608911097 0.008380178 0.793191731
25.987390 5.627085686 -0.110310227 2.394170523 0.005224624 0.605329812 0.006685503 0.795929551
26.091270 5.674156666 -0.111112669 2.407329559 0.008261272 0.602021992 0.005758645 0.798416018
26.195270 5.719875813 -0.111798570 2.421237946 0.008903173 0.598924458 0.004774550 0.800741792
26.299290 5.765366077 -0.113087088 2.436048269 0.007205768 0.595733643 0.002386619 0.803146183
26.403140 5.811535358 -0.114464551 2.450281382 0.006682544 0.591965318 0.003584578 0.805927813
26.507020 5.857832432 -0.115123473 2.466275930 0.004561066 0.588865340 0.006117477 0.808195114
26.611020 5.904588223 -0.115824394 2.481865644 0.001768612 0.585803568 0.009130767 0.810399711
26.714890 5.950745583 -0.116621219 2.498733997 -0.003336233 0.583184123 0.007703197 0.812296629
26.818890 5.997675419 -0.116869055 2.516334772 -0.004528419 0.580762684 0.003193443 0.814054072
26.922890 6.043647766 -0.117276303 2.532367468 -0.001386635 0.578163266 0.001099157 0.815919220
27.026890 6.089575291 -0.117588326 2.549314499 0.003398763 0.576230943 0.000792066 0.817279458
27.130890 6.135584354 -0.118108705 2.566119194 0.003580575 0.574455500 0.000231778 0.818527937
27.234770 6.181257725 -0.119608745 2.584403038 -0.000164704 0.572603047 -0.000018281 0.819832742
27.338640 6.228428364 -0.120146900 2.602360249 -0.001861209 0.570063353 0.000781666 0.821598232
27.442660 6.274821281 -0.121370293 2.620200157 -0.000071169 0.567743182 0.001435949 0.823204517
27.546520 6.320904732 -0.122116081 2.637593269 0.002265537 0.565362573 -0.000991262 0.824838817
27.650520 6.366109848 -0.123040736 2.656481266 0.004942802 0.563455701 -0.002927901 0.826126277
27.754390 6.411883831 -0.123935297 2.675661564 0.005087615 0.561507702 -0.004205136 0.827445149
27.858410 6.458032131 -0.125169307 2.694647551 0.003183082 0.559593320 -0.003340490 0.828754485
27.962300 6.503590584 -0.126802072 2.713922262 0.001824918 0.557660580 -0.003206229 0.830060899
28.066150 6.549369812 -0.127833843 2.732468128 0.001479349 0.555157483 -0.003451410 0.831736743
28.170020 6.594561100 -0.128515646 2.753122568 0.002616215 0.553503036 -0.003171544 0.832836986
28.274040 6.639377594 -0.130287260 2.772262335 0.003188038 0.551550269 -0.002527790 0.834131718
28.377890 6.684550762 -0.131411463 2.792227983 0.003227134 0.549540401 -0.001962803 0.835458577
28.481890 6.729198933 -0.132534087 2.812469721 0.002721365 0.547702968 -0.002545561 0.836664557
28.585770 6.773336411 -0.134458810 2.833167553 0.002063085 0.545889735 -0.003152027 0.837848544
28.689660 6.817527771 -0.135549158 2.852904081 0.004493122 0.543653250 -0.003636237 0.839290023
28.793670 6.860800266 -0.137019441 2.873230219 0.006704187 0.541736186 -0.004403972 0.840510309
28.897520 6.903814316 -0.138507828 2.892895937 0.007943821 0.539798796 -0.005114340 0.841741025
29.001520 6.946667194 -0.139409319 2.913594723 0.006636195 0.538244069 -0.004108733 0.842752874
29.105390 6.989593506 -0.141386226 2.933592081 0.002607985 0.536644638 -0.001725078 0.843802571
29.209390 7.031686306 -0.142686486 2.953888893 -0.000559176 0.535383165 0.002363481 0.844605803
29.313270 7.073089600 -0.143269479 2.973274231 -0.001408971 0.533878803 0.004666617 0.845546961
29.417270 7.112731934 -0.143961936 2.992331028 -0.000363021 0.532449961 0.005689605 0.846442282
29.521140 7.151251793 -0.144476324 3.012036562 0.001321455 0.531206310 0.004733384 0.847228229
29.625020 7.189434052 -0.145121887 3.030832291 0.002829076 0.529846728 0.004378025 0.848077416
29.729040 7.226591587 -0.146029070 3.049552917 0.003610481 0.528602958 0.004400017 0.848850131
29.832900 7.262766361 -0.146480158 3.067932606 0.004361084 0.527666152 0.004835804 0.849426925
29.936770 7.297565937 -0.147425905 3.085670948 0.004071187 0.526564300 0.005332691 0.850108802
30.040770 7.331381321 -0.148334771 3.102589130 0.003665615 0.525508463 0.006082943 0.850758731
30.144650 7.363554478 -0.149146855 3.119453669 0.003990980 0.524549365 0.007035017 0.851341605
30.248520 7.394583225 -0.149682239 3.135122776 0.004626446 0.523363709 0.008000110 0.852059245
30.352400 7.424677372 -0.150779709 3.150730133 0.005050215 0.522532284 0.007834926 0.852568567
30.456270 7.452526093 -0.151689976 3.165986776 0.005825817 0.521708906 0.005922178 0.853083134
30.560270 7.478530884 -0.150582135 3.182274342 0.008594915 0.521292508 0.004792121 0.853321314
30.664040 7.504615307 -0.152848408 3.193954706 0.009683166 0.519003630 0.005588911 0.854698896
30.767900 7.529094696 -0.152406767 3.209003925 0.011312350 0.517537653 0.007682522 0.855551124
30.871790 7.552602291 -0.152541921 3.221530914 0.010912901 0.514695287 0.007705929 0.857269049
30.975650 7.574276447 -0.153595015 3.234863281 0.009168718 0.512128949 0.006750563 0.858833134
31.079540 7.595254421 -0.154301807 3.246878386 0.006253289 0.509215951 0.006082705 0.860594571
31.183270 7.615181446 -0.155078769 3.258276463 0.002706654 0.506099224 0.007007399 0.862442553
31.287140 7.633695602 -0.155447245 3.270540714 0.001372869 0.503038347 0.008291139 0.864223242
31.390900 7.651106358 -0.156294838 3.280767918 0.001706806 0.498944521 0.010294426 0.866571128
31.494660 7.666880131 -0.156326830 3.290566206 0.002354239 0.493794411 0.011872816 0.869494438
31.598390 7.682548523 -0.156485721 3.300851583 0.002718017 0.487565309 0.013109494 0.872983873
31.702150 7.696178913 -0.156916797 3.310827971 0.002486090 0.480325043 0.013480427 0.876983464
31.805770 7.708901405 -0.157355234 3.320214748 0.002116869 0.471558213 0.012177946 0.881748319
31.909520 7.720345497 -0.157649443 3.330102444 0.003446195 0.462263763 0.011257323 0.886664271
32.013150 7.731387138 -0.158361897 3.338680506 0.005438997 0.451942861 0.009627066 0.891978323
32.116900 7.740861893 -0.158827871 3.348389149 0.007802688 0.442411333 0.008307275 0.896739841
32.220650 7.750380516 -0.158772051 3.357612848 0.008959780 0.432330996 0.005410203 0.901654243
32.324400 7.758812904 -0.159263819 3.367977142 0.008253030 0.422626764 0.001400663 0.906265140
32.428170 7.767925262 -0.159528360 3.377595663 0.007729989 0.411765248 0.000067110 0.911257148
32.531770 7.777893543 -0.159243003 3.387113333 0.008227555 0.399764270 0.001329337 0.916580081
32.635530 7.786337852 -0.160125226 3.396949530 0.007740485 0.387748301 0.002884871 0.921728313
32.739270 7.795005798 -0.160235092 3.407652378 0.006852732 0.374357074 0.002993092 0.927254438
32.842900 7.802595615 -0.160535365 3.419219255 0.004824455 0.360380620 0.001734199 0.932791233
32.946650 7.809414864 -0.160581723 3.430633307 0.002898793 0.346808732 0.000862350 0.937931001
33.050400 7.816658020 -0.160953760 3.441935778 0.001553809 0.332219869 0.000197808 0.943200648
33.154020 7.823373318 -0.161636338 3.453423738 -0.000022706 0.317607224 -0.001187466 0.948221624
33.257770 7.828657150 -0.161936015 3.465854645 -0.001842816 0.303567588 -0.003230971 0.952802658
33.361650 7.834901333 -0.161830723 3.478447914 -0.002897690 0.288309783 -0.004428342 0.957522571
33.465270 7.840186596 -0.162936538 3.490083218 -0.003157327 0.272340894 -0.004091464 0.962186933
33.569020 7.845804214 -0.163381666 3.503395319 -0.001642107 0.255200446 -0.004825730 0.966874719
33.672790 7.851000309 -0.163950399 3.517580748 0.000292430 0.237028286 -0.005414135 0.971487641
33.776420 7.856692791 -0.163457662 3.534285545 0.001697036 0.216681212 -0.006130075 0.976221681
33.880040 7.861925125 -0.164283872 3.551339388 0.001580260 0.195090353 -0.006007066 0.980765581
33.983650 7.865802765 -0.164407790 3.569272280 0.002405092 0.173122361 -0.006098593 0.984878480
34.087400 7.868972301 -0.164524600 3.588229179 0.003454277 0.149645597 -0.006103140 0.988714814
34.191020 7.871940136 -0.164883196 3.610108852 0.004141521 0.125035971 -0.006130764 0.992124617
34.294770 7.873370647 -0.165527478 3.632300138 0.003663021 0.100289091 -0.006049013 0.994933188
34.398420 7.874608994 -0.165865541 3.655994415 0.002727278 0.074155830 -0.006060285 0.997224510
34.502140 7.874331951 -0.165849134 3.679574966 0.001625541 0.047764622 -0.004937826 0.998845100
34.605900 7.872901440 -0.166222632 3.704591751 0.000568287 0.020980103 -0.003565412 0.999773383
34.709660 7.870661259 -0.166143924 3.730269194 -0.000108195 -0.006101624 -0.002269024 0.999978781
34.813400 7.866044044 -0.166159794 3.757122993 -0.000869679 -0.032514866 -0.001656256 0.999469519
34.917150 7.860455036 -0.164662316 3.786182404 -0.000705659 -0.058626965 -0.002175931 0.998277307
35.021020 7.852838516 -0.165461808 3.815696239 -0.001618948 -0.083794281 -0.000585433 0.996481597
35.124770 7.844860077 -0.164829090 3.846390247 -0.001736772 -0.109202430 0.000484640 0.994017899
35.228670 7.834693432 -0.163885489 3.879098892 -0.001343337 -0.134257168 0.002333808 0.990942895
35.332520 7.821905136 -0.165751159 3.910163164 -0.002858534 -0.157555684 0.004545841 0.987495482
35.436400 7.807552814 -0.166072920 3.943044901 -0.003509078 -0.180202410 0.006258688 0.983603358
35.540420 7.791233063 -0.165935546 3.978109360 -0.003591177 -0.201737687 0.006525881 0.979411244
35.644400 7.771847248 -0.166042879 4.013751507 -0.003779876 -0.220631510 0.006624195 0.975327432
35.748650 7.751043797 -0.166248500 4.049042702 -0.003750642 -0.236484542 0.006118774 0.971608698
35.852770 7.728272915 -0.166128367 4.088033199 -0.003186847 -0.249873072 0.005153562 0.968259633
35.957050 7.704358578 -0.166629434 4.125815868 -0.002764395 -0.259896904 0.004365159 0.965622544
36.061290 7.678827286 -0.166721702 4.167137146 -0.002781352 -0.268333107 0.003642389 0.963315248
36.165670 7.652694702 -0.166916400 4.207685947 -0.003063811 -0.274969876 0.003858155 0.961440206
36.269900 7.625710011 -0.167243645 4.249405384 -0.003661221 -0.280660421 0.004055794 0.959791601
36.374170 7.596994877 -0.167366445 4.292829990 -0.004123673 -0.285635978 0.004539987 0.958318532
36.478420 7.567562580 -0.167706385 4.337155342 -0.004381659 -0.289579868 0.003947560 0.957135677
36.582670 7.535693645 -0.168061584 4.381478310 -0.004553331 -0.292745948 0.003520199 0.956172943
36.686900 7.504808426 -0.167563692 4.427136898 -0.004582198 -0.295452327 0.003853024 0.955338717
36.791110 7.470884323 -0.168471411 4.474666119 -0.005093599 -0.297526807 0.003842765 0.954692125
36.895150 7.436984539 -0.169277310 4.522506714 -0.005637032 -0.298810869 0.003987811 0.954287350
36.999490 7.402904510 -0.168680504 4.572309494 -0.005640030 -0.299569666 0.004323796 0.954047918
37.103550 7.367761612 -0.168775484 4.622722626 -0.005336382 -0.300028801 0.004448234 0.953904808
37.207650 7.331911087 -0.169096485 4.673636913 -0.005062528 -0.300505668 0.004771300 0.953754663
37.311780 7.294770241 -0.169695586 4.725888729 -0.004784514 -0.300683022 0.005063985 0.953698695
37.415890 7.256807804 -0.169274971 4.779156685 -0.004967869 -0.301116139 0.004888047 0.953562021
37.520030 7.217823505 -0.169446707 4.833350182 -0.005801531 -0.301345378 0.003739513 0.953490078
37.624150 7.178094387 -0.169984907 4.889545918 -0.006971736 -0.301967233 0.003262933 0.953287184
37.728150 7.139121056 -0.169909000 4.944718361 -0.007019163 -0.302421182 0.003764703 0.953141093
37.832280 7.098382950 -0.170633197 5.001814842 -0.006235214 -0.302911788 0.004072766 0.952989519
37.936280 7.058469296 -0.170830786 5.058754444 -0.005983198 -0.303349555 0.005018117 0.952847362
38.040280 7.015615940 -0.170815572 5.118049622 -0.005963845 -0.303671718 0.005954683 0.952739418
38.144280 6.973604679 -0.171157047 5.177059650 -0.006009741 -0.304143131 0.007274508 0.952579618
38.248280 6.930155754 -0.171832547 5.236158371 -0.004970018 -0.304476589 0.007518380 0.952477217
38.352280 6.886775494 -0.172316775 5.295270443 -0.002743886 -0.304896861 0.007900893 0.952348650
38.456150 6.842064381 -0.173273906 5.356517315 -0.000793532 -0.305276215 0.007616991 0.952233016
38.560150 6.796714306 -0.174395740 5.420401096 -0.000199740 -0.305296093 0.006745139 0.952233553
38.664150 6.751470089 -0.175759539 5.481193542 -0.000886476 -0.305050701 0.005845561 0.952317774
38.768150 6.705759525 -0.176588610 5.542119026 -0.001984318 -0.304477096 0.004807155 0.952505469
38.872030 6.659873009 -0.177750841 5.607826710 -0.003275025 -0.305073470 0.004876665 0.952310681
38.976020 6.614344597 -0.178657457 5.671868801 -0.004355019 -0.305294573 0.005258327 0.952233493
39.079900 6.567993164 -0.179607153 5.738372803 -0.004993052 -0.305966139 0.005396406 0.952014029
39.183930 6.521914005 -0.181290507 5.799249172 -0.005318176 -0.305312097 0.005296114 0.952222764
39.287780 6.475954533 -0.181190372 5.863923550 -0.005146497 -0.305786431 0.004620880 0.952075005
39.391750 6.429829121 -0.181688085 5.928270340 -0.005501613 -0.305854201 0.004535327 0.952051640
39.495830 6.383222103 -0.182758734 5.992152214 -0.006155399 -0.306019545 0.004027456 0.951996803
39.599580 6.337756634 -0.183129996 6.056939125 -0.006744871 -0.306546301 0.004069192 0.951823175
39.703630 6.290255070 -0.183682933 6.119385719 -0.006112113 -0.306221873 0.003919814 0.951932490
39.807870 6.245016575 -0.185068503 6.184189320 -0.006238536 -0.306960076 0.004435350 0.951691628
39.911280 6.199580669 -0.184812993 6.247374058 -0.005582278 -0.307704896 0.004817628 0.951453269
40.015280 6.153375626 -0.186309963 6.311211586 -0.006136330 -0.308183879 0.005090307 0.951293409
40.119140 6.105379581 -0.187336624 6.375766277 -0.005938651 -0.308695614 0.004728273 0.951130569
40.223030 6.058379173 -0.187657595 6.438316345 -0.005389043 -0.308820009 0.004492136 0.951094627
40.326930 6.012716293 -0.188765749 6.501932144 -0.005102891 -0.309297025 0.004709325 0.950940132
40.430770 5.965097427 -0.189800411 6.565756321 -0.004803533 -0.309387505 0.003982034 0.950915575
40.534990 5.919252872 -0.190076813 6.628671646 -0.004569823 -0.309492290 0.002627172 0.950887322
40.638670 5.872096062 -0.190730199 6.691991806 -0.004308519 -0.308772475 0.002265670 0.951123476
40.742540 5.825245857 -0.191815838 6.754345894 -0.003502905 -0.307975024 0.001831129 0.951386273
40.846410 5.778044701 -0.192206845 6.817278862 -0.002409022 -0.306889474 0.001568964 0.951740861
40.950400 5.733825684 -0.193525359 6.881561756 -0.002838068 -0.306616217 0.001910053 0.951827109
41.054600 5.688164711 -0.194940314 6.944583416 -0.004157989 -0.305865586 0.002394429 0.952062607
41.158230 5.641866207 -0.194954261 7.009003639 -0.006758766 -0.305244386 0.002735277 0.952246130
41.262460 5.596863270 -0.195612088 7.072504044 -0.010539341 -0.304772973 0.003068245 0.952361763
41.365930 5.550772190 -0.195987880 7.136891365 -0.011395129 -0.304551363 0.002959187 0.952423155
41.469820 5.504808426 -0.195591301 7.200401306 -0.009214404 -0.304464459 0.003973231 0.952470839
41.573580 5.459463120 -0.196122736 7.263672352 -0.006870505 -0.304467082 0.004251876 0.952488601
41.677410 5.414515972 -0.196791545 7.326851845 -0.007222828 -0.304471523 0.004559880 0.952483118
41.781210 5.368617058 -0.196798906 7.391165733 -0.008537515 -0.304692119 0.003905906 0.952404618
41.885060 5.323305130 -0.197906449 7.454127312 -0.009266209 -0.304623574 0.003496495 0.952421308
41.988800 5.277279377 -0.197834447 7.517862797 -0.008551404 -0.305142879 0.004414376 0.952257931
42.092740 5.232921600 -0.198697880 7.578687191 -0.007946630 -0.305228800 0.004505357 0.952235222
42.196450 5.187617302 -0.198495105 7.642053127 -0.008394838 -0.305823505 0.004526155 0.952040434
42.300170 5.141015053 -0.198845521 7.706022739 -0.010440069 -0.306173146 0.003845621 0.951910794
42.404080 5.095087051 -0.199277997 7.768365383 -0.012083597 -0.306194454 0.003784031 0.951884747
42.507790 5.050268173 -0.199025303 7.830955029 -0.012361850 -0.306742758 0.004140897 0.951703131
42.611550 5.005131721 -0.198705867 7.891744137 -0.011679056 -0.306891978 0.004918175 0.951659977
42.715290 4.959791183 -0.198970333 7.953073502 -0.011126114 -0.307058036 0.005426077 0.951610327
42.819190 4.915719509 -0.198246256 8.014978409 -0.010024292 -0.307336807 0.004811514 0.951535821
42.922920 4.871734619 -0.198425621 8.076455116 -0.009578782 -0.307132542 0.004064443 0.951609850
43.026850 4.825660706 -0.198267162 8.137405396 -0.009001143 -0.306463212 0.003607256 0.951833129
43.130550 4.781544685 -0.198228925 8.197693825 -0.008676932 -0.305993617 0.002849251 0.951989770
43.234430 4.737806320 -0.198753431 8.258846283 -0.008748486 -0.305786014 0.001973012 0.952058017
43.338330 4.694916725 -0.198919803 8.319494247 -0.009017782 -0.305558532 0.002643431 0.952126920
43.442050 4.650608540 -0.199755400 8.379685402 -0.008169173 -0.305211216 0.001773525 0.952247977
43.545910 4.606686592 -0.200077757 8.439595222 -0.007540233 -0.304774284 0.001833654 0.952392995
43.649770 4.563792229 -0.199982360 8.500584602 -0.007607045 -0.304575771 0.002749958 0.952453732
43.753650 4.521248341 -0.200395122 8.560845375 -0.008764919 -0.304250896 0.003929602 0.952543497
43.857500 4.478714943 -0.201217681 8.620773315 -0.008880037 -0.304210454 0.003836548 0.952555716
43.961280 4.436009407 -0.201802105 8.679729462 -0.007763038 -0.303795308 0.004075536 0.952696979
44.065190 4.393805981 -0.202409849 8.739393234 -0.006139337 -0.303758025 0.005294015 0.952714741
44.169050 4.353244305 -0.202930748 8.796487808 -0.005211198 -0.303153306 0.005890724 0.952909350
44.272790 4.312374592 -0.203884393 8.854392052 -0.005481021 -0.302960336 0.004559533 0.952976465
44.376660 4.270379543 -0.203987479 8.912163734 -0.005621309 -0.302594990 0.004347580 0.953092694
44.480540 4.229817867 -0.205436558 8.968482971 -0.005683931 -0.302647740 0.004120466 0.953076661
44.584310 4.191046715 -0.206635475 9.024197578 -0.005404019 -0.302690178 0.003945468 0.953065515
44.688220 4.152568817 -0.207342148 9.079293251 -0.005426813 -0.302669019 0.004132454 0.953071296
44.792180 4.113313675 -0.208227053 9.134286880 -0.005302622 -0.302794307 0.003981476 0.953032851
44.895870 4.076198578 -0.209188372 9.185989380 -0.005245630 -0.302730948 0.003325796 0.953055859
44.999710 4.037703991 -0.209341079 9.240117073 -0.004928099 -0.302888781 0.003264530 0.953007579
45.103550 4.001347065 -0.210676536 9.292019844 -0.005563359 -0.303034365 0.003080932 0.952958405
45.207330 3.963443756 -0.210509390 9.344604492 -0.006319370 -0.302985281 0.003121427 0.952969193
45.311220 3.928078651 -0.211310819 9.396026611 -0.007623934 -0.303369939 0.003003403 0.952837646
45.415240 3.892130613 -0.211567670 9.446618080 -0.008445177 -0.303371876 0.003167853 0.952829540
45.518940 3.857724428 -0.211809069 9.495421410 -0.009178226 -0.303868055 0.003635150 0.952663004
45.622980 3.823316336 -0.212081373 9.544816971 -0.009908800 -0.304094851 0.004875933 0.952577710
45.726540 3.790135860 -0.212721735 9.593333244 -0.009985949 -0.304786295 0.005154478 0.952354491
45.831090 3.755843639 -0.212760419 9.638621330 -0.010168403 -0.305054069 0.005223602 0.952266455
45.934310 3.724466562 -0.213440642 9.682938576 -0.010672434 -0.305742860 0.006781323 0.952030122
46.038180 3.690871954 -0.213780731 9.728577614 -0.010141581 -0.306933582 0.007116694 0.951650262
46.142050 3.660439968 -0.214161843 9.771039009 -0.009976503 -0.309346020 0.008877352 0.950855792
46.245920 3.628914595 -0.214332923 9.812973022 -0.010063631 -0.312750131 0.010096380 0.949728429
46.349680 3.597601175 -0.214709669 9.852899551 -0.010387263 -0.317553550 0.011350255 0.948115528
46.453430 3.565690517 -0.214051008 9.896621704 -0.010826886 -0.323408633 0.012615704 0.946113348
46.557220 3.533807278 -0.215080410 9.935531616 -0.011385873 -0.330074281 0.013044508 0.943796158
46.660970 3.502129316 -0.215531424 9.973788261 -0.012146136 -0.337980360 0.014487517 0.940963209
46.764550 3.470475912 -0.216023371 10.009962082 -0.012865596 -0.347356707 0.016246194 0.937504053
46.868310 3.438943863 -0.215754718 10.044927597 -0.013365555 -0.358362824 0.017885827 0.933315337
46.971930 3.406106710 -0.217393532 10.077017784 -0.014171249 -0.370648861 0.017786086 0.928494632
47.075560 3.371177435 -0.216758475 10.107532501 -0.014079413 -0.383435220 0.016653268 0.923310280
47.179170 3.336876869 -0.216861278 10.136268616 -0.014211621 -0.397605687 0.014645310 0.917329431
47.282920 3.303328276 -0.218097329 10.163684845 -0.014405519 -0.413595438 0.012749442 0.910257518
47.386540 3.268814564 -0.218305588 10.189056396 -0.014147525 -0.430905432 0.010933279 0.902219951
47.490160 3.233731747 -0.218197599 10.212193489 -0.015103564 -0.449190944 0.010597129 0.893245220
47.593870 3.197759628 -0.217852265 10.233123779 -0.014140340 -0.469522446 0.008090976 0.882770181
47.697410 3.162731886 -0.219245002 10.250269890 -0.012171975 -0.489819556 0.004817549 0.871725559
47.801160 3.126419544 -0.219261989 10.265466690 -0.008235310 -0.509828091 0.000209291 0.860236883
47.904910 3.090207815 -0.220235422 10.279503822 -0.005576201 -0.529791474 -0.003083592 0.848104000
48.008600 3.053339481 -0.220249861 10.291031837 -0.002288285 -0.549770236 -0.004989916 0.835297883
48.112290 3.016074181 -0.220941961 10.302956581 -0.001527976 -0.570761859 -0.005537427 0.821095526
48.216060 2.979031801 -0.221686676 10.311960220 -0.001746358 -0.591113687 -0.006518495 0.806560040
48.319780 2.940266609 -0.220975071 10.319763184 -0.002328341 -0.611290812 -0.007200496 0.791369855
48.423630 2.901229858 -0.221925393 10.324015617 -0.002120840 -0.630975962 -0.011558097 0.775713384
48.527420 2.862516165 -0.221348926 10.326329231 -0.000941172 -0.650379121 -0.017420135 0.759409428
48.631190 2.823641062 -0.220750496 10.325644493 -0.001631458 -0.669019222 -0.019842409 0.742978394
48.734910 2.785293579 -0.220158264 10.326853752 -0.002999848 -0.688641131 -0.018382953 0.724863052
48.838780 2.748207808 -0.220471069 10.324083328 -0.005889270 -0.706824780 -0.015208707 0.707200646
48.942530 2.709731340 -0.219344199 10.320538521 -0.006158895 -0.724926651 -0.013236016 0.688671291
49.046410 2.672279358 -0.219266489 10.315152168 -0.006547871 -0.742431223 -0.012393469 0.669775665
49.150280 2.636102438 -0.219218314 10.305643082 -0.005887956 -0.758700430 -0.012277504 0.651297390
49.254030 2.601045370 -0.218314871 10.295497894 -0.006078905 -0.774983644 -0.011581744 0.631845951
49.357910 2.563880444 -0.216837928 10.284235954 -0.008443078 -0.790999591 -0.009519858 0.611684382
49.461780 2.527652025 -0.216603056 10.270903587 -0.009669318 -0.805216253 -0.008733654 0.592838168
49.565780 2.492114544 -0.215715721 10.254502296 -0.008796004 -0.818335772 -0.010806882 0.574571490
49.669780 2.456831217 -0.215051219 10.236964226 -0.009481504 -0.830168486 -0.013327195 0.557272613
49.773780 2.420285940 -0.214195311 10.218649864 -0.012116607 -0.840629697 -0.014403916 0.541283190
49.878030 2.383516550 -0.213154554 10.199303627 -0.014771166 -0.849590957 -0.014315911 0.527040839
49.982180 2.346849203 -0.211825386 10.178813934 -0.015198146 -0.857570052 -0.014619332 0.513934672
50.086410 2.313126087 -0.211310223 10.155812263 -0.015288441 -0.863785267 -0.015613217 0.503386021
50.190690 2.277595758 -0.210090488 10.133370399 0.014782810 0.869156182 0.015661772 -0.494068593
50.295050 2.239886522 -0.209181845 10.108564377 0.014327736 0.873431623 0.016081832 -0.486470282
50.399300 2.203232527 -0.208326921 10.083736420 0.013467045 0.876702964 0.016303429 -0.480567127
50.503680 2.165924072 -0.206826925 10.058514595 0.012339239 0.879374743 0.016280966 -0.475691825
50.608030 2.128278017 -0.206309438 10.031914711 0.011072272 0.881428659 0.016140819 -0.471911401
50.712390 2.090109348 -0.205181763 10.004940987 0.010865849 0.883007824 0.015640236 -0.468971789
50.816730 2.049708605 -0.203322828 9.977421761 0.011498135 0.884435296 0.014721912 -0.466288775
50.920920 2.009870768 -0.202723086 9.949705124 0.012926091 0.885331988 0.014128380 -0.464564949
51.025280 1.967841864 -0.201277569 9.919401169 0.011698215 0.886175394 0.013784934 -0.462997049
51.129530 1.927309871 -0.199924216 9.889548302 0.009201700 0.886745989 0.014208228 -0.461946934
51.233800 1.883380413 -0.198732361 9.858125687 0.008163648 0.887223542 0.015020113 -0.461022973
51.338030 1.839242816 -0.197112069 9.826397896 0.009546588 0.887336016 0.014850896 -0.460785329
51.442160 1.794613481 -0.195745230 9.795028687 0.011704934 0.887175262 0.013547734 -0.461085111
51.546400 1.747149229 -0.195201755 9.761782646 0.011927865 0.886995792 0.013321358 -0.461431175
51.650530 1.699003100 -0.193661079 9.727945328 0.008851564 0.887071252 0.012478579 -0.461378962
51.754650 1.652669072 -0.192488104 9.693393707 0.006678911 0.886788547 0.009851746 -0.462022096
51.858780 1.600133061 -0.190208793 9.657966614 0.005057770 0.886950612 0.007947201 -0.461768180
51.962780 1.549227834 -0.189347029 9.622630119 0.006075557 0.886833727 0.007383832 -0.461989671
52.066910 1.494841218 -0.188597083 9.584469795 0.006035899 0.886732340 0.008799455 -0.462160021
52.171030 1.440997481 -0.187981397 9.546495438 0.004367914 0.886670649 0.011355325 -0.462241441
52.275030 1.386337399 -0.187051788 9.505822182 0.002578802 0.886632204 0.012908130 -0.462287813
52.379030 1.328654289 -0.185809299 9.466391563 0.003155649 0.886773229 0.013570726 -0.461994678
52.483160 1.269936085 -0.184492201 9.425104141 0.003634579 0.886776030 0.015063755 -0.461939543
52.587160 1.211215734 -0.183628008 9.383172035 0.005371854 0.886496305 0.016891586 -0.462396085
52.691180 1.150020957 -0.181454897 9.340113640 0.004292863 0.886575997 0.018445708 -0.462195098
52.795150 1.088266373 -0.179615155 9.295064926 0.001675102 0.886745811 0.018160436 -0.461897492
52.899160 1.025814295 -0.177570507 9.250414848 0.000888736 0.886869133 0.016702697 -0.461717814
53.003160 0.961709797 -0.175796345 9.205811501 0.002823981 0.887029290 0.016317923 -0.461416036
53.107160 0.896240473 -0.173881590 9.160914421 0.004937172 0.886919796 0.018233959 -0.461537004
53.211180 0.830829859 -0.172228128 9.113381386 0.007151012 0.886758387 0.018507073 -0.461807251
53.315160 0.764635861 -0.170469269 9.068284988 0.007893983 0.886937082 0.017783735 -0.461480260
53.419160 0.697106540 -0.168473542 9.020008087 0.008119450 0.886882246 0.015689922 -0.461657673
53.523150 0.628100812 -0.165702298 8.972173691 0.008685133 0.887031674 0.012703371 -0.461452097
53.627040 0.559561908 -0.165000573 8.922966003 0.008502138 0.886948466 0.011794938 -0.461639434
53.731040 0.491307110 -0.163081840 8.875055313 0.008171659 0.886688411 0.011460042 -0.462153196
53.835050 0.421736658 -0.161321640 8.824509621 0.008012188 0.886339903 0.012765234 -0.462789834
53.938910 0.350691378 -0.160673007 8.773685455 0.008542234 0.886184216 0.014659190 -0.463022351
54.042910 0.280934155 -0.158607200 8.725991249 0.009903492 0.886164784 0.015291880 -0.463011920
54.146780 0.208332300 -0.156607166 8.676419258 0.012568751 0.885965884 0.014574890 -0.463350862
54.250800 0.137476772 -0.155217558 8.627344131 0.015958907 0.885851145 0.013694387 -0.463492781
54.354660 0.067421906 -0.153305009 8.577661514 0.017652627 0.885694921 0.014641434 -0.463700861
54.458660 -0.004188976 -0.150928408 8.529954910 0.021302525 0.885671616 0.016120346 -0.463542938
54.562530 -0.074124172 -0.149010375 8.481487274 0.023844458 0.885639489 0.018087048 -0.463408053
54.666410 -0.145766616 -0.145558238 8.432703018 0.024246207 0.885604858 0.016599085 -0.463509023
54.770420 -0.214561611 -0.143449724 8.383978844 0.021974811 0.885563076 0.013627917 -0.463798970
54.874290 -0.283558071 -0.141292989 8.335786819 0.019709986 0.885376930 0.009738221 -0.464353740
54.978530 -0.353606790 -0.139196396 8.287734032 0.019384466 0.885320008 0.008266424 -0.464504421
55.082040 -0.424415231 -0.137684688 8.239509583 0.019836033 0.885115623 0.009400458 -0.464853227
55.185920 -0.494872600 -0.135725707 8.191530228 0.020491788 0.884984255 0.010417708 -0.465053141
55.290780 -0.564334989 -0.134139881 8.142984390 0.020805681 0.884654224 0.010949835 -0.465654552
55.393730 -0.633496642 -0.132723168 8.095664024 0.019687949 0.883943141 0.011838759 -0.467029721
55.497680 -0.702122867 -0.130974874 8.049080849 0.018290313 0.882443786 0.012638044 -0.469892293
55.601700 -0.771150053 -0.130046204 8.003726006 0.018222276 0.880440772 0.013017884 -0.473627031
55.705670 -0.840625823 -0.127722263 7.959237576 0.017473688 0.877688885 0.012861436 -0.478739470
55.809690 -0.912981570 -0.124663778 7.916065693 0.017698582 0.874211490 0.012903058 -0.485051066
55.913810 -0.984267712 -0.122809798 7.872171879 0.020532897 0.869712472 0.012932300 -0.492961854
56.017930 -1.055364609 -0.121913008 7.832257748 -0.022225486 -0.864457965 -0.013766686 0.502024770
56.122050 -1.130345464 -0.119378105 7.792399406 -0.023145903 -0.858233988 -0.013626357 0.512555242
56.226190 -1.201456666 -0.117494546 7.757487774 -0.024529397 -0.850805461 -0.012538515 0.524758160
56.330510 -1.281324506 -0.113416165 7.722362995 -0.025507743 -0.842427313 -0.011778729 0.538076937
56.434670 -1.356176853 -0.111427180 7.691096306 -0.026777307 -0.833506346 -0.011040021 0.551750183
56.538940 -1.433959961 -0.100638784 7.656516075 -0.026606135 -0.823965549 -0.008151680 0.565956175
56.643030 -1.509856582 -0.103536405 7.635149956 -0.024988323 -0.814877927 -0.004505499 0.579076290
56.747290 -1.583755612 -0.104846939 7.613425255 -0.022360839 -0.805265844 -0.000918313 0.592491448
56.851430 -1.661432028 -0.104582295 7.591760159 -0.018895248 -0.795333385 0.000510548 0.605877519
56.955550 -1.740683556 -0.102972880 7.571108818 -0.016477471 -0.785438955 -0.000386021 0.618719637
57.059650 -1.821089387 -0.102524593 7.555200577 -0.015453702 -0.776488483 -0.000826510 0.629941344
57.163560 -1.902534127 -0.102098681 7.540609837 -0.015468756 -0.768281639 0.000612885 0.639924645
57.267470 -1.978464007 -0.101875253 7.528715611 -0.015656596 -0.761197329 0.002351084 0.648327053
57.371290 -2.059871197 -0.101064414 7.516270161 -0.015546935 -0.754728377 0.001694306 0.655851007
57.475150 -2.144733906 -0.101132393 7.507249355 -0.016518889 -0.748604655 -0.001274878 0.662809610
57.579070 -2.229628325 -0.100153044 7.498068810 -0.016867505 -0.742323160 -0.001974591 0.669826746
57.682930 -2.315824986 -0.098214217 7.489919186 -0.016685227 -0.736259758 -0.001483770 0.676491678
57.786690 -2.395686865 -0.097964168 7.486000061 -0.015120645 -0.730887175 -0.000293740 0.682330668
57.890570 -2.482738972 -0.098414019 7.482896328 -0.015172938 -0.726298869 0.001767939 0.687209249
57.994890 -2.567749739 -0.095293343 7.478459358 -0.018094806 -0.722504556 0.003084857 0.691122413
58.098070 -2.656085491 -0.094674572 7.475903988 -0.023415580 -0.720016360 0.001562416 0.693560183
58.201850 -2.744979382 -0.093313582 7.473969460 -0.027968213 -0.718690753 -0.000291177 0.694767058
58.305440 -2.834919930 -0.090222090 7.472396374 -0.027543413 -0.718626559 -0.000528376 0.694850326
58.409230 -2.926014185 -0.087909453 7.467533112 -0.025298564 -0.718114913 -0.000782926 0.695464194
58.512810 -3.015212536 -0.086303361 7.463621140 -0.021705039 -0.717652202 -0.001280921 0.696062148
58.616560 -3.107803106 -0.084463783 7.459538460 -0.017973138 -0.717670679 -0.003452430 0.696142137
58.720450 -3.201096773 -0.082816593 7.454979897 -0.016233865 -0.717491746 -0.005357620 0.696357250
58.824030 -3.295924425 -0.081172653 7.451732159 -0.016011201 -0.717769682 -0.006940872 0.696061850
58.927820 -3.391511679 -0.079008661 7.447611332 -0.015821194 -0.717920840 -0.008359788 0.695894718
59.031700 -3.487359047 -0.076051161 7.444283485 -0.015850967 -0.718315244 -0.008365544 0.695486903
59.135420 -3.583898544 -0.073894829 7.441195488 -0.014721359 -0.718950570 -0.008411628 0.694854379
59.239170 -3.681859016 -0.072920188 7.436796188 -0.014046333 -0.719169259 -0.008340147 0.694642901
59.343070 -3.780053377 -0.070887476 7.433079243 -0.012107028 -0.719459474 -0.008692502 0.694374502
59.446780 -3.878778219 -0.068656407 7.430265903 -0.010558505 -0.719730198 -0.009132674 0.694113493
59.550680 -3.977644682 -0.067163885 7.426344872 -0.009821897 -0.719043672 -0.009793674 0.694826484
59.654550 -4.078409672 -0.066907018 7.421543121 -0.009638146 -0.718448162 -0.010892980 0.695428431
59.758420 -4.179773331 -0.065210916 7.418200493 -0.009755209 -0.717929900 -0.011009829 0.695959985
59.862460 -4.280709743 -0.063914865 7.414792061 -0.009363173 -0.717454493 -0.011366248 0.696449697
59.965990 -4.381923199 -0.062969603 7.410996914 -0.009881546 -0.716800928 -0.012351807 0.697098434
60.069690 -4.479767323 -0.061321575 7.407276154 -0.010549882 -0.716620266 -0.013111603 0.697260499
60.173450 -4.579203606 -0.059791528 7.402443886 -0.010614257 -0.715886831 -0.014188606 0.697991490
60.277190 -4.680705070 -0.058432382 7.401060581 -0.010087705 -0.715909421 -0.014145671 0.697976947
60.381050 -4.774433613 -0.056437228 7.397135258 -0.008800779 -0.715435565 -0.013242457 0.698497772
60.484800 -4.874364853 -0.055137631 7.395049095 -0.008004373 -0.715313792 -0.013074246 0.698635221
60.588540 -4.971397877 -0.054242536 7.393574238 -0.008004324 -0.714916408 -0.013285941 0.699037850
60.692600 -5.070327282 -0.052667733 7.390003204 -0.007963195 -0.714214325 -0.013834551 0.699744999
60.797000 -5.166620731 -0.051470675 7.386360168 -0.008350082 -0.713189185 -0.014590604 0.700769961
60.900200 -5.264646530 -0.049788535 7.384427071 -0.007501745 -0.712024212 -0.015229757 0.701949656
61.003920 -5.362387180 -0.048999622 7.382959843 -0.007239255 -0.711228073 -0.015017119 0.702763617
61.107700 -5.458663464 -0.047996055 7.380702496 -0.006489615 -0.709926784 -0.014842341 0.704089165
61.211580 -5.556595802 -0.046084996 7.381012917 -0.007058365 -0.709171891 -0.015192670 0.704836607
61.315290 -5.656450272 -0.044370838 7.379695892 -0.007472777 -0.708113849 -0.015751747 0.705883026
61.419200 -5.754767895 -0.043410219 7.379539013 -0.007762874 -0.707367897 -0.016088033 0.706619859
61.522950 -5.841767788 -0.042291194 7.379682541 -0.008106178 -0.706203640 -0.016289501 0.707774997
61.626790 -5.937408447 -0.039789516 7.379836559 -0.007951409 -0.705517471 -0.015365692 0.708481312
61.730990 -6.034116745 -0.039283451 7.380597115 -0.008897457 -0.705064416 -0.014422038 0.708940744
61.834510 -6.126263142 -0.038954709 7.378966331 -0.007649885 -0.704077184 -0.015816640 0.709906042
61.938390 -6.220851898 -0.037607078 7.378320694 -0.007692407 -0.703533113 -0.016312392 0.710433602
62.042070 -6.316250801 -0.035247691 7.378327370 -0.006277971 -0.703136444 -0.016584216 0.710833788
62.145930 -6.407616138 -0.035811871 7.378294468 -0.005575520 -0.703209043 -0.013748219 0.710828364
62.249910 -6.497581005 -0.030556809 7.385338306 -0.003304866 -0.703747928 -0.013153966 0.710320294
62.353660 -6.590921402 -0.029506860 7.388712883 -0.002539084 -0.704195440 -0.012935701 0.709883749
62.457420 -6.684174061 -0.030139977 7.386146545 -0.004025107 -0.703988969 -0.013077702 0.710079074
62.561290 -6.775767803 -0.028296659 7.386754513 -0.005018273 -0.704293489 -0.012017124 0.709789455
62.665290 -6.866833687 -0.027324267 7.387483597 -0.005736712 -0.704660594 -0.011926341 0.709421039
62.769050 -6.956800938 -0.024464371 7.390194416 -0.006215553 -0.705469906 -0.011048149 0.708626509
62.872800 -7.046645641 -0.023689779 7.393202305 -0.006717462 -0.706065416 -0.010963219 0.708029866
62.976670 -7.136113167 -0.023325261 7.393302917 -0.006335217 -0.706361890 -0.011979712 0.707721174
63.080660 -7.224217892 -0.024139866 7.393425465 -0.006333291 -0.706935167 -0.011601035 0.707154870
